40 40 0 1194195 0 0 2115389 0 0 0 0 0 0 0 40 0 2113949 40 0 0 417063 198 132 132 17703 0 0 0 0 0 0 60 0 0 240 0 0 0 0 0
141376 0 1171101 926289 0 2117044 0 0 0 40 2121644 0 0 0 0 0 0 0 40 40 66 0 0 0 30964 0 60 0 0 0 0 0 0 0 0 0 0 0 0 885
117332 258678 948693 0 0 0 0 0 0 0 0 40 0 0 0 0 0 0 0 0 132 0 0 0 233011 0 0 0 0 0 0 0 0 0 0 0 0 0 0 70000
0 0 258748 258868 0 0 0 0 0 0 0 0 40 786177 0 0 0 2115149 0 0 301 0 0 0 66551 0 0 0 120 0 0 360 0 0 0 0 0 0 0 127099
0 0 0 0 258668 258708 0 0 0 931451 0 0 0 1328572 40 40 0 0 0 0 132 66 0 119820 90510 300 0 0 0 0 0 480 0 0 0 0 0 0 0 17785
0 0 0 0 0 0 258668 40 0 1189403 0 0 0 0 0 0 40 0 0 0 0 0 0 60 0 60 0 0 0 0 0 60 0 60 0 60 0 0 0 1191
0 0 0 0 0 0 0 258908 258628 0 0 0 0 0 0 0 0 40 40 0 0 0 0 0 0 0 0 0 0 0 0 60 0 0 0 60 0 0 0 0
0 0 0 0 0 0 0 0 0 258828 258548 0 0 0 0 0 0 0 0 40 132 0 0 0 0 0 0 0 0 0 0 0 0 0 0 480 0 0 300 0
0 0 0 0 0 0 0 0 0 0 0 258773 0 0 0 2114029 0 0 0 0 0 0 0 0 60 180 0 0 0 0 0 0 0 0 0 60 60 0 60 0
0 0 0 0 0 0 0 0 0 0 0 0 258548 258508 0 0 0 0 0 0 132 0 0 0 60 0 0 0 825 0 0 0 0 0 60 0 0 300 0 0
120 0 0 0 0 0 0 0 0 0 0 0 2118064 0 258468 259308 40 0 2119344 0 0 66 0 0 0 0 0 0 22459 0 0 0 300 0 0 0 0 240 0 0
0 0 0 0 0 0 0 0 0 0 0 0 0 0 0 0 259468 184516 0 2119714 0 14430 66 0 420 0 0 0 2627 0 0 0 0 0 11775 120 1005 0 0 0
40 40 0 0 2118059 0 0 0 0 0 0 2118034 0 0 0 0 0 74672 259308 0 0 263534 132 66 540 360 0 0 0 0 0 0 60 0 57290 5381 78364 0 0 0
0 0 40 40 0 0 0 0 0 0 0 0 0 0 0 0 0 40 0 259148 0 12338 66 0 60 0 0 0 0 0 240 0 120 0 0 0 145905 0 360 1536
0 0 0 0 0 40 0 0 0 0 0 0 0 40 40 0 0 0 0 0 494 132 132 132 0 0 0 0 0 0 0 0 0 0 0 0 0 0 0 518672
0 0 0 0 0 0 40 0 0 0 0 0 0 0 0 0 0 0 0 0 0 0 0 0 0 420 60 0 0 0 0 0 5047 0 60 0 1223 271 0 130635
0 2119514 0 0 0 0 0 40 40 0 0 0 0 0 1251217 0 0 0 0 0 0 0 0 0 0 60 60 0 0 0 0 60 240 0 0 120 0 0 0 0
259228 0 0 0 0 0 0 0 0 40 40 0 0 0 862252 0 0 0 0 0 0 0 264 0 0 60 180 0 69698 180 0 120 0 0 0 60 0 0 0 0
0 258668 0 0 0 0 0 0 0 0 0 0 0 0 0 40 0 0 0 0 93058 0 0 0 0 3522 60 0 19961 60 0 0 0 0 360 3309 0 60 0 0
0 0 258668 259028 0 0 0 1506004 0 0 0 0 0 40 0 0 0 0 0 0 60 0 0 0 0 180 0 0 0 0 0 0 0 0 0 573 0 180 0 0
1872433 0 0 0 258798 258548 0 609865 0 0 0 0 40 0 40 40 40 0 40 0 0 0 0 0 0 0 0 0 0 0 0 0 0 0 0 0 0 120 60 0
244231 0 0 0 0 0 258908 258548 0 0 0 0 0 0 0 0 40 0 0 0 428 0 0 0 0 60 0 0 0 0 0 0 60 0 0 0 0 0 60 120
0 0 0 0 0 0 0 0 258548 0 0 40 0 0 0 0 0 40 40 0 0 0 0 0 840 0 0 0 0 0 0 0 0 0 0 0 0 0 120 0
0 0 0 0 0 0 0 0 0 258788 258628 0 0 0 0 0 0 40 0 40 66 0 0 0 0 0 120 0 0 0 0 180 360 0 0 0 0 0 60 0
0 0 0 0 0 0 0 0 2112789 0 0 258788 258748 40 0 0 0 0 0 0 264 132 132 132 0 0 300 0 0 0 0 0 60 0 0 72992 0 0 0 180
0 0 0 0 0 0 2114084 0 0 0 2121239 0 0 259068 0 0 1552680 0 0 0 0 66 0 0 0 0 0 0 240 0 0 0 120 0 0 25672 0 0 0 0
0 0 2115894 2118274 0 2115949 0 0 0 0 0 0 0 0 259078 258708 561949 0 0 0 0 0 66 66 0 0 360 120 0 0 0 0 120 60 0 0 0 0 60 0
0 0 0 0 0 0 0 0 0 0 0 0 0 0 40 0 258628 258508 0 0 0 0 0 0 0 0 0 0 0 0 0 0 0 360 0 1514 0 0 60 0
0 40 0 0 0 0 0 0 0 0 0 0 0 0 0 0 0 0 258868 258788 311 0 0 0 0 0 0 0 60 0 0 0 60 60 0 0 0 0 0 0
0 0 0 0 0 0 0 0 0 0 0 0 0 2117664 0 0 0 2116469 0 0 0 0 0 0 0 0 0 0 0 120 180 0 120 60 0 0 33482 0 60 0
0 0 0 0 40 0 0 0 0 0 0 0 0 0 0 40 0 0 0 0 198 0 0 0 0 0 0 600 0 0 240 0 360 0 0 0 8956 0 0 0
40 0 0 0 0 0 0 40 0 2117734 0 0 0 0 0 0 0 0 0 0 198 0 0 0 0 0 0 0 0 0 0 60 60 0 0 0 0 0 0 0
0 0 0 0 0 0 0 0 0 0 0 0 0 0 0 0 0 0 40 0 198 0 0 0 0 0 0 0 0 0 0 0 18675 0 0 0 0 0 0 0
258628 0 0 0 0 0 0 0 0 0 0 0 0 0 0 0 0 0 0 0 264 0 0 0 0 0 0 0 120 60 60 60 885 0 0 240 120 0 60 0
0 258988 258748 0 0 0 0 0 40 0 0 40 40 0 0 759337 0 0 0 0 198 66 66 66 0 0 0 0 0 0 0 60 25119 0 0 0 0 0 60 0
0 0 0 258828 0 0 40 0 0 0 40 0 0 40 0 1355067 0 0 2120099 0 198 0 0 433215 0 0 0 0 0 0 0 240 108089 480 0 60 0 0 0 0
0 0 0 0 258708 258868 0 0 0 0 0 0 2119019 0 40 40 40 0 0 2116824 0 0 0 148344 0 0 0 0 240 0 0 0 8562 0 0 0 0 0 0 0
0 0 0 0 0 0 258828 258608 0 0 0 0 0 0 40 0 40 40 0 0 272 0 0 0 0 120 0 0 0 0 60 0 0 0 0 0 0 0 0 0
0 0 0 0 0 0 0 0 258628 258628 0 2117879 0 0 0 0 0 0 40 0 0 0 206 0 0 0 0 0 0 0 660 0 0 0 0 0 0 0 0 0
0 0 0 0 1041932 0 0 0 0 0 258748 0 0 40 0 0 0 40 0 0 198 0 0 0 0 0 0 0 0 0 0 0 0 0 0 0 0 0 0 0
2122289 0 0 0 1072207 0 0 0 0 0 0 258708 258788 0 0 0 0 0 0 0 0 0 0 0 0 0 0 0 0 0 0 0 0 0 0 0 0 0 0 0
0 0 0 0 0 0 0 0 0 0 0 0 0 259068 258348 0 0 0 0 0 0 0 0 0 111940 0 0 0 0 60 0 0 0 0 0 0 60 0 0 60
0 2117274 0 0 0 0 0 0 0 0 0 0 0 0 2114439 259228 258788 0 0 0 60 0 0 0 96255 0 0 0 0 0 0 0 15922 0 0 0 120 0 0 60
0 0 0 0 0 0 0 0 0 0 0 0 0 0 0 0 0 259103 0 0 0 0 0 0 0 0 0 0 0 0 0 0 136380 120 0 0 0 0 0 0
0 0 40 0 0 0 0 2115364 0 0 0 0 0 0 0 0 0 0 259388 258668 0 0 0 0 27090 0 0 0 0 0 0 0 22763 0 120 0 60 0 0 0
0 0 0 40 0 0 0 0 0 0 0 0 0 0 0 40 0 0 40 0 132 12513 0 0 12349 844 0 0 0 0 0 60 0 0 120 0 0 0 0 0
0 0 0 0 0 40 0 0 0 0 0 0 0 0 0 0 0 0 0 0 0 300228 0 14242 0 0 60 0 0 0 0 0 1255 0 0 0 0 0 0 60
0 0 0 0 0 0 40 0 0 0 0 0 0 0 0 0 40 0 0 0 180 0 0 46418 120 0 0 0 0 0 0 0 0 0 0 0 0 0 0 0
0 0 0 0 0 0 0 0 2113149 40 0 0 0 0 0 0 0 0 0 0 66 0 0 0 0 0 0 0 0 825 0 120 0 0 0 0 0 0 0 240
259378 0 0 0 0 0 0 0 0 0 40 0 0 40 0 0 0 40 0 0 66 0 0 0 60 0 0 0 0 2712 0 600 0 0 0 0 0 0 0 0
0 259188 258908 0 40 0 0 0 0 0 323673 40 40 0 0 0 1296668 0 0 0 0 0 0 0 0 0 0 0 0 0 0 60 0 0 0 0 0 0 0 60
0 0 0 259148 258588 0 2114309 0 0 0 1797796 0 0 40 40 0 819296 0 0 0 0 0 0 0 1028 0 0 0 0 0 0 60 60 0 0 0 0 0 0 2051
0 0 2116899 585997 0 2376282 258788 0 0 0 0 0 0 0 40 40 40 0 0 0 538428 0 0 0 240 0 0 0 0 0 0 0 60 0 0 240 0 0 0 0
0 0 0 1531297 0 0 0 258508 0 0 0 0 0 0 0 0 0 40 0 0 28636 0 0 0 60 120 0 0 60 5789 0 0 480 0 0 0 60 0 0 0
0 0 0 0 0 0 0 0 258548 258468 0 0 0 0 0 0 0 1604640 40 40 9405 0 0 0 60 0 0 0 60 0 0 0 0 0 60 0 0 0 0 0
0 0 0 0 0 0 0 0 0 0 258783 258828 0 2118394 0 40 0 510844 40 0 132 0 0 0 0 331 0 0 120 0 0 0 240 0 0 0 0 540 0 0
0 0 0 0 0 0 0 0 0 2117289 0 0 258948 0 0 0 0 0 0 0 0 0 0 0 300 37485 0 0 60 0 0 0 0 5111 60 60 0 0 0 0
0 0 0 0 0 0 0 0 0 0 0 0 0 259093 258868 0 0 0 0 0 0 66 132 0 1684 46157 0 0 0 0 0 0 0 39550 420 60 0 0 0 0
0 0 0 0 0 0 0 0 0 0 0 0 0 0 0 258708 258708 0 708952 0 0 0 66 0 2667 6893 0 0 0 885 0 0 0 0 0 0 420 0 0 34621
40 0 0 0 0 0 0 0 0 0 0 0 0 0 0 0 0 258908 1415057 0 0 0 0 0 0 0 0 0 0 95645 0 0 0 1361 885 0 0 0 0 55951
0 40 0 0 0 0 0 0 0 0 0 0 0 0 0 0 0 0 259108 258468 142625 0 0 0 0 60 60 60 0 129611 0 0 0 2056 53731 0 60 0 0 51480
0 0 0 0 40 0 0 0 0 0 0 0 1549640 0 0 2112349 40 0 0 2119199 2189 0 0 0 0 0 60 360 0 99814 0 0 0 0 765 120 0 0 0 0
0 0 40 0 0 40 40 0 0 0 0 0 567334 0 40 0 0 0 0 0 0 0 264 0 0 0 180 0 60 1015 271 0 0 33361 0 0 0 0 0 0
0 0 0 40 0 0 0 40 0 0 0 0 0 0 0 0 0 0 0 0 0 0 0 0 0 0 60 420 720 120 0 0 0 73439 300 60 0 60 0 0
1815738 0 0 0 0 0 0 0 40 0 0 0 0 0 0 0 0 0 0 0 0 0 0 0 0 120 0 0 0 0 0 0 0 5519 0 0 0 180 0 60
566024 258708 0 0 0 0 0 0 0 0 40 40 0 40 0 0 0 40 0 0 0 0 0 0 0 0 0 0 0 0 0 0 0 0 0 0 0 120 60 0
0 0 259308 0 2115574 0 0 0 0 40 0 2121634 0 0 0 0 0 0 0 0 66 0 0 0 0 60 0 0 0 0 0 0 0 0 0 0 0 0 60 0
0 2120099 0 259038 258708 0 0 0 0 0 0 0 0 40 40 0 0 0 0 0 0 0 0 0 0 0 0 0 0 0 0 0 0 0 0 0 0 0 120 0
0 0 0 0 0 258468 258518 0 0 0 0 0 0 0 0 40 40 0 0 0 0 0 0 0 0 0 60 0 0 0 0 0 0 0 0 0 0 0 60 0
0 0 0 0 0 0 0 259108 0 0 0 0 0 0 0 0 0 40 40 0 0 0 296 0 0 0 360 0 60 0 0 0 0 0 0 60 0 0 0 60
0 0 0 0 0 0 0 837557 258548 258748 0 0 0 0 2117254 0 0 0 40 0 93371 0 12617 0 0 0 0 0 9370 0 0 0 0 0 0 300 0 0 0 0
0 0 0 0 0 0 0 1276872 0 0 258708 258668 0 0 0 40 40 0 0 40 0 0 10269 0 0 0 360 60 0 0 0 0 0 0 0 0 0 0 60 0
0 0 0 0 0 0 0 0 0 0 0 0 258668 258748 0 0 0 0 0 0 0 0 2409 0 1680 0 0 60 0 0 0 0 0 0 0 60 0 0 60 0
0 0 0 2119049 0 0 0 0 0 0 0 0 0 0 258868 258628 0 0 0 0 66 0 0 0 0 60 0 0 60 0 0 0 0 120 0 0 0 0 0 0
0 0 0 0 0 0 0 0 0 0 0 0 0 0 0 0 1167610 0 0 0 18424 18355 18419 18246 0 0 0 0 0 60 6974 0 120 60 60 0 120 0 0 60
40 0 0 0 0 0 0 0 2118244 0 0 0 0 0 0 0 1205432 258708 258508 0 66 0 0 0 56866 0 0 180 0 60 240 0 360 0 60 60 120 0 0 0
0 0 40 0 0 0 1532152 0 0 0 0 0 0 0 0 0 0 0 0 258468 330 0 0 0 0 0 0 0 0 0 0 120 0 0 0 120 0 0 0 0
0 0 0 0 40 0 583357 0 0 0 2121159 0 0 40 0 0 0 0 0 0 264 0 0 0 0 0 0 0 0 0 109749 0 0 0 0 0 0 0 0 0
0 40 0 0 0 40 0 0 0 0 0 0 0 0 0 0 0 0 0 0 264 0 0 0 0 0 0 0 0 0 253498 0 0 0 0 0 0 0 0 0
0 0 0 0 0 0 0 0 0 0 0 0 0 0 0 0 0 745397 0 0 132 0 0 0 29927 0 0 0 0 0 246721 120 60 0 0 0 0 0 0 0
258628 0 2121279 0 0 0 0 0 0 40 0 0 0 0 40 0 0 1370752 40 0 264 0 0 66 84783 0 0 0 0 0 0 360 180 300 0 60 0 0 825 0
0 258668 0 0 0 0 0 40 0 600208 0 40 0 0 0 40 0 0 0 0 169 0 0 0 0 0 0 0 120 0 0 0 0 0 0 0 0 0 2772 0
0 0 258748 258748 0 0 0 0 0 1516641 0 0 40 2116699 0 0 0 0 2119884 0 0 0 0 0 0 180 0 0 0 0 60 0 0 0 0 0 0 60 513 0
0 0 0 0 258388 2118464 0 0 0 0 0 0 0 0 40 40 0 0 0 0 264 0 0 0 0 0 0 0 0 0 540 420 0 2842 120 240 0 60 0 0
0 0 0 0 0 258748 258668 0 0 0 0 0 0 0 0 0 40 0 0 0 385 0 0 0 60 120 0 0 0 0 0 0 0 1457 0 0 60 0 0 0
0 0 0 0 0 0 0 258588 258708 0 0 0 0 0 0 0 40 40 40 0 1619 1759 74 66 0 0 0 0 0 0 0 0 0 0 0 0 0 0 0 0
0 0 0 0 0 0 0 0 0 259063 0 0 1209595 0 0 0 0 0 0 2117769 0 16636 1685 140 79016 0 0 0 0 0 8776 28437 0 0 0 60 0 300 0 60
0 0 0 0 0 0 0 0 0 0 258668 258508 906284 0 0 2115869 0 0 0 0 0 41601 0 0 145930 0 0 0 0 0 75837 167375 60 0 0 0 180 0 0 60
0 0 0 0 0 0 0 0 0 0 0 0 258788 258948 0 0 0 0 0 0 0 0 0 0 93139 0 0 0 0 0 0 3434 120 0 0 0 0 0 0 0
0 0 0 0 0 0 0 0 0 0 0 0 0 0 258348 259188 0 0 0 0 0 0 0 4576 12372 0 0 0 0 0 0 0 420 0 60 0 60 0 0 0
0 0 0 0 0 0 0 0 0 0 0 0 0 0 0 0 259548 258508 0 0 0 768 0 0 48183 0 0 0 0 0 0 0 0 0 120 0 0 0 0 0
40 40 0 0 2115889 0 0 0 0 0 0 0 0 0 0 0 0 0 259068 0 0 16494 0 0 24646 0 60 0 0 0 0 0 60 25267 60 0 0 0 0 0
2119184 2121514 40 40 0 0 0 0 0 0 0 0 0 40 0 0 0 0 40 258718 0 61124 0 462 180 120 0 0 0 0 0 0 0 0 0 0 0 0 0 0
0 0 0 0 0 0 0 0 0 0 0 0 0 0 40 0 0 0 0 0 66 0 0 0 0 0 180 0 0 0 120 120 120 0 60 0 60 300 0 120
0 0 0 0 0 40 40 0 0 0 0 0 0 0 0 0 0 0 0 0 66 206 924 0 60 0 0 0 0 0 0 32507 0 0 0 0 0 60 120 60
0 0 0 0 0 0 0 40 40 0 0 0 0 0 0 0 40 0 0 0 0 0 0 206 0 0 0 0 0 0 0 181393 0 1944 0 0 0 60 0 60
258548 0 0 0 0 0 0 0 0 40 0 0 0 0 0 0 0 0 0 0 0 0 0 0 0 0 0 0 0 998 0 15590 0 0 0 0 0 0 0 120
0 258828 0 0 0 0 0 0 0 0 40 40 0 0 0 40 0 0 0 0 0 0 0 0 0 0 0 0 0 0 0 0 0 0 0 120 0 0 0 15991
0 0 258943 259308 0 0 0 0 0 0 0 0 40 40 0 0 0 0 0 0 0 206 0 0 60 0 0 0 0 0 0 0 0 0 0 0 0 0 0 4504
0 0 0 2118289 258588 258708 0 2115749 0 0 0 2115174 0 0 40 40 2115109 0 0 0 0 0 9130 0 60 0 60 0 0 0 0 0 0 0 0 0 0 0 0 0
0 0 0 0 0 0 258508 258548 2112469 0 0 0 0 0 0 0 40 80 0 0 0 0 324 0 0 0 300 0 120 0 0 0 240 0 0 0 0 120 0 36422
0 0 0 0 0 0 0 0 258668 0 0 0 0 0 2116164 0 0 0 40 0 0 0 0 206 10096 60 0 0 300 0 0 28600 0 0 0 60 60 60 0 39652
0 0 0 0 0 0 2113309 0 0 258708 258748 0 0 40 0 0 0 0 40 40 0 66 0 0 60745 360 120 0 0 0 0 135469 0 0 240 60 0 0 0 0
0 0 0 0 0 0 0 0 0 0 0 258788 258338 0 0 0 0 2116469 0 0 132 0 55246 0 0 120 660 0 240 60 120 42174 180 0 60 0 480 120 0 0
0 0 0 0 0 0 0 0 0 0 0 0 0 258468 0 0 0 0 0 0 0 0 62310 0 0 0 0 0 55292 0 0 0 0 34150 60 0 0 0 0 300
0 0 0 0 0 0 0 0 0 0 2118399 0 0 0 259068 258748 0 0 0 0 0 0 0 0 0 0 60 0 181149 420 0 1207 0 76786 120 0 60 0 0 60
0 0 2122004 0 0 0 0 0 0 0 0 0 0 0 0 0 258708 258668 0 0 132 0 0 0 0 0 60 0 17372 480 0 0 0 765 60 0 0 0 0 0
40 40 0 0 0 0 0 0 0 0 0 0 0 2118619 0 0 0 0 2377862 0 0 0 0 0 0 0 0 0 1235 60 0 0 0 0 0 0 0 0 0 0
0 0 0 0 0 0 0 0 0 2118949 0 0 0 0 0 0 0 0 0 258668 0 0 0 0 0 0 60 0 60 0 0 0 0 0 300 0 0 60 0 0
0 0 0 40 40 40 0 0 0 0 0 0 0 0 0 40 40 0 0 0 0 0 124 0 0 120 0 0 0 0 0 0 0 0 0 60 0 120 39581 0
0 0 0 0 0 0 0 40 0 0 0 0 0 0 0 2114649 0 0 0 0 0 0 62 0 0 0 0 0 0 0 0 0 0 0 0 0 0 60 32147 0
0 0 0 0 0 0 0 0 40 0 0 0 0 0 40 0 0 0 0 0 0 0 0 0 0 60 0 0 0 0 0 0 0 300 0 0 0 0 1111 0
258788 0 0 0 0 0 40 0 0 0 0 0 2115269 0 0 0 0 0 0 0 0 0 0 0 0 0 0 0 0 0 0 0 0 0 0 0 0 0 0 0
0 258988 258708 0 0 0 0 0 0 0 0 40 0 0 0 0 0 40 0 725153 301 0 0 0 0 9227 0 0 0 0 0 120 0 300 0 0 0 120 0 0
0 0 0 258788 0 0 0 0 0 0 0 0 0 40 0 0 0 0 0 1394756 0 0 1380 0 0 0 60 0 0 0 0 0 0 0 0 60 0 0 0 180
0 0 0 0 258908 1853555 0 0 0 0 40 0 0 0 40 40 0 0 0 0 456 0 0 0 0 8811 0 0 0 0 0 0 60 0 0 240 0 0 0 0
2117739 0 0 0 0 521962 258628 258388 0 0 0 0 0 0 0 0 40 40 0 0 0 0 0 0 0 12334 240 60 0 0 0 0 0 0 0 60 0 0 60 0
0 0 0 0 0 0 0 0 258548 0 0 0 0 40 0 0 0 0 80 0 60 0 0 0 0 0 0 60 0 0 0 0 0 0 0 60 0 0 60 0
0 0 0 0 2114989 0 0 0 0 258588 258588 0 0 0 0 0 0 0 0 0 0 0 0 0 0 0 0 0 0 1862 0 0 0 0 0 0 0 0 0 0
0 2118929 0 0 0 0 0 0 0 0 0 258788 258788 0 0 0 40 0 0 0 132 132 132 132 0 0 0 0 0 89255 38779 0 0 60 0 0 60 0 0 0
0 0 0 0 0 0 0 0 0 0 0 0 0 259148 258428 40 0 0 0 0 66 0 0 0 0 0 0 180 0 11580 3877 0 360 0 0 0 180 0 0 0
0 0 0 0 0 0 0 0 0 0 0 0 0 0 0 258643 258628 0 0 0 132 0 0 0 0 0 0 0 0 0 0 0 0 0 0 2999 0 0 0 0
0 0 0 0 0 0 0 0 0 0 0 0 0 0 0 0 0 258588 0 0 198 0 0 0 0 120 0 0 0 0 885 0 0 0 0 0 0 0 120 0
0 0 40 0 0 0 0 0 0 0 0 0 0 0 0 0 2112469 0 258588 258708 198 0 0 62688 0 0 0 0 480 0 143643 0 60 0 0 120 0 0 0 0
0 0 0 40 0 0 0 0 0 0 0 0 0 0 0 0 0 0 0 0 66 0 0 62 0 0 0 0 0 0 666131 0 0 0 0 70849 0 0 360 60
0 0 0 2119429 0 0 0 0 0 0 0 0 0 0 40 0 0 0 0 0 198 0 0 0 60 0 0 0 0 0 35991 0 240 0 14815 21274 0 0 0 0
40 0 0 0 0 40 40 40 2114189 0 0 0 0 0 0 0 0 40 0 0 0 0 0 128 0 0 0 0 60 0 765 0 0 0 41818 0 0 0 60 0
0 0 0 0 0 0 761937 2115749 0 0 0 0 0 40 0 0 0 2115349 40 0 0 0 0 1016 0 120 0 6636 0 0 999 0 0 0 80562 0 0 0 0 0
258908 0 0 0 40 0 1352387 0 0 40 40 0 0 0 0 0 0 0 0 0 0 0 0 0 60 0 0 0 0 0 60 0 0 0 42315 0 0 0 0 0
0 258428 258908 0 0 0 0 0 0 0 0 1095540 40 0 0 0 0 0 0 0 0 0 0 0 0 0 0 6643 0 0 0 0 0 60 513 0 0 0 0 0
0 0 0 258748 258588 0 0 0 0 0 0 1022264 0 40 2116354 40 0 0 0 0 66 0 0 0 0 0 0 74502 0 0 0 0 0 0 12274 0 0 0 0 0
0 0 2118949 0 0 258468 0 0 0 0 2116894 0 0 0 0 40 40 0 2125429 0 0 66 66 0 0 0 0 346 0 0 0 0 0 0 66259 0 0 0 0 0
0 0 0 0 0 0 258588 259148 0 0 0 0 0 2116169 0 0 0 40 0 0 0 198 0 0 240 0 0 0 0 0 0 1113 120 0 16306 0 180 0 0 60
0 0 0 0 0 0 0 0 258768 126780 0 0 0 0 0 0 40 0 40 40 0 0 0 62 60 0 0 0 0 120 120 480 180 0 0 360 0 0 0 28707
0 0 0 0 0 0 0 0 0 132008 258748 258548 0 0 0 0 0 0 0 0 0 0 0 66 180 0 0 0 0 180 0 0 420 0 5490 0 180 0 0 53347
0 0 0 0 0 0 0 0 0 993601 0 0 258748 0 0 0 0 0 0 0 0 0 0 0 540 0 0 0 0 0 0 0 0 0 1545 0 0 60 0 9533
0 0 0 0 0 0 0 0 0 906420 0 0 0 259388 259188 0 0 0 0 0 0 132 0 0 360 0 60 19377 0 0 0 0 60 0 14839 0 0 10162 0 0
0 0 0 0 0 0 0 0 0 220518 0 0 0 0 0 258628 258428 40 0 0 0 132 0 0 0 0 0 244004 0 0 0 0 0 0 0 0 0 825 0 0
40 0 0 0 0 0 0 0 0 0 0 0 0 0 0 0 0 259348 0 0 0 0 0 0 0 0 0 122763 0 0 0 0 0 0 0 0 0 2892 0 0
2121114 40 0 0 0 0 0 0 0 0 0 0 0 0 0 0 0 0 259738 259308 66 0 0 0 60 0 0 0 0 0 0 0 0 0 0 0 0 0 0 0
0 0 0 40 40 0 0 0 0 0 0 0 1076061 0 40 2116884 0 0 0 0 0 0 12962 0 0 0 0 164034 0 0 0 0 0 0 0 0 825 2535 0 60
0 0 40 0 0 40 0 0 0 0 0 0 1042033 0 0 0 0 0 40 0 0 0 19537 0 0 0 0 62382 60 0 0 60 0 0 0 0 2712 4478 0 0
0 0 0 0 0 1535568 40 40 0 0 0 0 0 40 0 0 0 0 0 863292 0 0 0 0 0 0 0 573 0 0 0 0 0 0 0 60 0 0 0 0
0 0 0 0 0 581416 0 0 40 0 0 0 0 0 0 0 40 0 0 1257107 0 0 0 0 60 0 0 60 300 0 0 0 0 0 120 0 120 0 0 240
259068 2121089 0 0 0 0 0 0 0 0 40 40 0 0 0 0 0 0 0 0 0 0 0 0 234 114 114 114 114 174 114 114 0 0 0 0 0 0 0 240
0 259653 258628 0 0 0 0 0 0 0 0 0 0 0 0 0 0 0 0 0 0 0 0 60 0 0 0 0 0 0 0 0 114 114 114 114 114 114 114 114
0 0 0 258468 2376362 0 0 0 0 0 0 0 0 40 40 0 0 0 0 0 0 0 0 249633 120 60 0 0 120 0 0 60 60 0 0 0 60 2452 0 60
0 0 0 0 0 258548 258548 0 0 40 0 0 0 0 0 40 40 40 0 0 0 66 0 249769 480 180 0 0 0 0 0 60 0 0 0 0 0 7735 0 0
0 0 0 0 0 0 0 258668 0 0 0 0 0 0 0 0 1476496 40 0 0 0 0 66 0 0 0 0 0 0 0 0 600 0 0 0 0 180 146869 0 0
0 0 0 0 0 0 0 0 258668 259268 0 0 0 0 0 0 639108 0 40 0 0 0 0 0 0 0 0 763 60 0 0 0 0 60 0 0 0 87811 0 60
0 0 0 0 0 0 0 0 0 0 258548 258468 0 0 40 40 0 0 0 0 0 0 0 0 0 0 60 50469 600 240 0 60 0 420 0 0 60 573 0 60
0 0 0 2116584 0 0 0 0 2116869 0 0 0 259388 258548 0 0 0 0 40 0 66 0 0 0 3811 0 60 3293 180 300 0 0 60891 180 0 0 60 0 0 0
0 0 0 0 0 0 0 0 0 0 0 0 0 0 258678 0 0 0 0 0 0 0 0 0 43306 0 0 0 60 60 0 0 156481 0 0 0 0 0 0 0
0 0 0 0 0 0 2115189 0 0 0 0 0 0 0 0 259028 258868 2115844 0 40 465 0 0 122290 160513 0 60 9325 825 0 0 0 0 0 240 0 29900 480 0 0
40 0 0 0 0 0 0 0 0 0 0 0 0 0 0 0 0 259148 258748 0 758 0 0 0 0 60 0 42284 2592 0 0 0 1271 0 0 60 57312 180 0 120
0 40 40 0 0 0 0 0 0 0 0 2121069 0 0 0 0 0 0 0 258708 0 0 0 808 0 0 0 0 0 0 0 0 0 0 0 0 3100 0 180 0
0 0 0 0 40 0 0 1513781 0 0 0 0 0 40 40 0 0 0 2119439 0 0 0 0 0 885 60 60 0 0 0 0 37992 540 0 0 0 0 0 180 0
0 0 0 0 0 40 0 600783 0 0 0 0 0 0 2115574 0 0 0 0 0 140 0 0 0 22618 0 0 20176 0 0 0 31508 0 0 0 0 0 0 0 825
0 0 0 0 0 0 0 0 0 0 0 0 0 2118209 0 0 0 0 0 0 78 0 0 0 0 60 0 81523 0 0 0 0 0 0 0 0 0 0 0 6684
0 0 2119574 0 0 0 0 0 0 40 2118504 0 0 0 0 0 40 0 0 0 0 0 0 0 0 0 60 0 120 0 0 0 0 0 0 0 0 0 0 885
258428 258548 0 0 0 0 0 0 0 0 0 0 0 0 0 40 0 0 0 0 396 0 140 0 0 60 0 0 66730 0 0 0 0 0 0 0 0 0 0 31576
0 0 258628 258468 0 0 0 0 40 0 0 0 40 40 0 0 0 0 0 0 0 0 66 0 0 180 240 60 25696 0 0 0 0 0 0 0 0 0 0 17412
0 0 0 0 258588 0 0 0 0 0 0 0 0 0 40 0 0 0 0 0 0 0 0 0 900 120 0 60 0 0 0 0 0 0 0 0 0 0 0 844
0 0 0 0 0 258868 258788 0 0 0 0 0 0 0 0 40 40 40 0 0 0 0 0 0 300 120 60 120 0 60 0 0 660 0 0 0 0 60 0 3836
0 0 0 0 0 0 0 258173 258708 2121329 0 0 0 0 0 0 0 40 40 0 548 132 132 132 0 0 0 0 0 0 180 0 0 0 0 0 0 60 0 0
2118864 0 0 0 0 0 0 0 0 258788 0 40 0 0 0 0 0 0 0 40 0 0 0 0 0 0 0 0 0 420 180 0 60 60 0 0 0 0 0 1498
0 0 0 0 0 0 0 0 0 0 258508 258668 0 0 0 2114909 0 0 40 0 235 0 0 0 0 0 0 0 0 0 0 0 0 0 0 0 0 0 0 3100
0 0 0 0 0 0 0 0 0 0 0 0 2374532 259428 40 0 0 0 0 0 132 0 0 0 0 0 0 1114 0 0 60 0 0 0 0 0 0 0 0 0
0 0 0 0 0 2114589 0 0 0 0 0 0 0 40 258588 0 0 0 0 0 66 0 0 0 0 0 0 30633 0 0 240 0 0 0 0 0 0 60 0 40366
0 0 0 0 0 0 0 0 0 0 0 0 0 0 0 258988 259068 0 0 0 94019 0 0 0 0 0 0 0 0 0 840 0 0 0 0 60 0 0 0 112877
0 2117034 0 0 0 0 0 0 0 0 0 0 0 0 0 0 0 258463 258868 2118074 27595 0 0 0 60 0 0 0 0 0 240 0 60 0 0 480 0 0 0 72743
0 0 40 40 2117809 0 0 0 0 0 0 0 0 0 0 0 0 0 0 258628 0 0 0 0 0 0 0 0 0 0 60 0 0 0 0 0 0 0 60 0
0 0 0 0 0 0 0 0 0 0 0 0 0 0 0 0 0 0 0 0 0 0 0 0 0 0 0 15323 0 0 60 0 0 0 120 0 5917 0 0 1127
0 0 0 0 0 0 40 0 0 0 0 0 0 0 0 0 2116869 0 0 0 0 0 0 0 0 0 0 80395 120 63649 60 0 60 0 180 0 120 60 0 0
0 0 0 0 0 0 0 40 40 0 0 0 0 0 0 0 0 40 0 0 165 0 0 0 0 0 0 0 0 0 0 31325 0 60 0 0 0 60 0 240
40 0 0 0 0 0 0 0 0 40 0 0 0 0 0 0 0 0 0 0 66 0 0 0 0 0 0 0 0 0 0 56762 0 0 1132 0 0 6862 0 0
258908 258748 0 0 0 0 0 0 0 0 40 40 0 0 0 40 0 0 40 0 0 66 66 0 0 0 0 0 0 0 0 7983 0 0 5370 0 1012 0 0 0
0 0 258868 2378347 0 0 0 0 2117084 0 0 0 80 40 40 0 0 0 0 0 0 198 0 0 180 0 0 0 0 0 0 60 0 0 240 0 120 0 0 60
0 0 0 0 259108 40 0 0 0 0 0 0 0 40 40 0 0 0 0 0 0 0 0 0 0 120 0 0 0 536 0 0 0 0 7043 0 0 0 0 0
0 0 0 0 0 258828 259428 0 0 0 0 0 0 0 0 40 40 2117309 0 0 0 0 0 66 7101 0 0 0 0 2881 0 0 0 0 1215 0 0 0 0 0
0 0 0 0 0 0 2113869 258668 258548 0 0 0 0 0 0 0 0 40 2117504 0 62 0 0 0 36607 0 0 0 0 2532 0 0 0 0 60 0 0 0 0 0
0 0 0 0 0 0 0 0 0 258548 259063 0 0 0 0 0 0 0 0 40 0 0 0 0 180 0 60 0 0 7846 1710 0 0 0 120 0 60 0 0 0
0 0 0 0 0 0 0 0 0 0 0 2375922 259188 0 0 0 0 0 0 0 0 198 0 0 52145 240 0 420 0 156950 1707 0 0 0 0 0 6927 0 60 60
0 0 0 0 0 0 0 2114869 0 0 0 0 0 258588 2115509 0 40 0 0 0 0 0 0 0 89171 0 0 120 0 1844 0 0 120 0 0 60 0 0 0 0
0 0 0 0 0 0 0 0 0 0 0 0 0 2117454 259308 258428 0 0 0 0 0 0 0 0 67045 0 0 0 0 0 0 0 0 0 0 0 0 0 60 180
0 0 0 0 0 0 0 0 0 0 0 0 0 0 0 0 258388 258468 0 0 0 0 0 0 1773 0 0 60 0 0 0 0 0 0 0 0 0 9522 0 0
40 40 0 0 0 0 0 0 0 0 0 0 0 0 0 0 0 0 259028 0 0 0 396 0 0 0 0 47120 0 0 0 60 0 0 0 0 0 84307 0 0
0 0 40 40 0 0 0 0 0 0 0 0 40 0 0 0 0 0 0 258468 0 0 0 0 0 0 0 63987 0 0 0 0 0 0 0 0 0 3904 0 0
0 0 0 0 40 0 0 0 0 0 0 0 0 0 0 0 0 0 0 0 0 0 0 0 60 0 0 0 0 60 0 120 0 0 0 0 0 1012 0 0
0 0 0 0 0 40 0 0 0 0 0 0 0 0 0 40 0 40 0 0 0 0 0 0 60 0 0 0 0 21135 0 93007 0 0 0 0 0 0 0 8981
2123379 0 2120074 0 0 0 40 0 40 0 0 0 0 0 0 0 0 0 40 0 0 0 0 0 0 0 0 0 0 0 0 121256 0 0 0 0 0 0 0 67453
258828 2117704 0 0 0 0 0 0 0 2120049 2115674 0 0 0 0 0 0 0 0 0 0 0 0 0 60 0 0 0 120 0 0 1682 0 0 0 0 0 60 0 57096
0 258628 0 0 0 0 0 0 0 0 0 40 2117924 0 0 2115309 0 0 0 0 0 66 0 66 240 120 0 0 0 0 0 1495 0 0 0 0 0 60 5862 0
0 0 259028 258803 0 0 0 40 0 0 0 0 0 40 40 0 40 0 0 0 0 0 0 0 60 0 0 0 0 120 120 120 0 0 0 60 60 0 0 1175
0 0 0 0 259188 259108 0 0 0 0 0 0 0 40 40 40 0 0 0 0 60 0 66 0 0 0 0 0 9287 0 0 23842 0 60 60 0 0 60 0 0
0 0 0 0 0 0 258868 258748 0 0 0 0 0 0 0 0 40 40 0 2116534 0 0 0 0 0 271 60 0 360 0 72113 11632 0 420 0 0 60 0 0 0
0 0 0 0 0 2114469 0 0 258628 0 0 0 0 0 0 0 0 0 40 0 66 0 0 0 0 0 60 0 120 0 337891 0 60 180 0 0 0 0 0 0
0 0 0 0 2117254 0 0 0 0 258668 258708 0 0 0 0 0 0 0 0 0 0 0 0 0 0 0 0 0 60 60 167427 0 600 0 0 0 0 0 0 0
0 0 0 0 0 0 0 0 0 0 0 258708 259108 0 0 0 0 0 0 0 0 0 0 462 180 15589 0 0 0 28972 0 0 0 0 240 0 60 0 945 0
0 0 0 0 0 0 0 0 2114189 0 0 0 0 258768 0 0 0 40 0 0 0 0 0 22066 0 49196 0 0 0 60206 60 0 60 0 0 60 120 0 124549 17971
0 0 0 0 0 0 0 0 0 0 0 0 0 0 258748 259308 0 0 40 0 0 0 0 27456 0 765 0 11915 0 3103 0 0 0 0 0 0 180 0 136929 23914
40 0 0 0 0 0 0 0 0 0 0 0 0 0 0 0 2374297 258788 0 0 0 0 0 78 0 0 0 32316 0 0 0 62224 0 0 0 34422 0 0 180 2454
0 40 0 0 0 0 0 0 0 0 0 0 40 0 0 40 0 0 258548 258628 0 0 0 0 180 0 0 0 0 0 0 2132 0 0 0 40324 0 0 0 0
0 0 40 2120024 0 0 0 0 0 0 0 0 0 0 0 0 0 0 0 0 1064 0 0 0 60 0 0 0 0 0 60 240 0 0 60 0 0 120 0 0
0 0 0 0 0 0 0 0 0 0 0 0 0 40 40 0 0 0 0 0 0 0 0 0 60 60 60 0 0 0 0 0 0 0 0 1427 0 0 0 180
0 0 0 0 0 0 1589876 40 0 0 0 0 0 0 0 0 0 2113829 677186 0 0 0 0 0 0 6539 0 0 60 0 0 0 0 0 0 24624 0 0 0 60
0 0 0 0 0 40 528073 0 0 0 0 0 0 0 0 0 0 0 1442928 0 0 0 0 0 180 0 240 0 300 0 0 0 0 0 0 137633 0 0 0 60
258708 0 0 0 40 0 0 0 0 40 40 0 0 0 0 0 0 0 0 0 0 0 0 0 0 0 0 120 0 0 0 60 0 0 0 26191 0 0 0 0
0 258708 258628 0 0 0 0 0 0 0 0 2117474 40 0 0 0 0 0 0 0 0 0 0 0 0 0 0 0 0 0 0 0 0 0 0 0 0 0 0 0
0 0 0 258988 0 0 0 2114509 40 0 0 0 0 40 2114324 0 0 0 0 0 66 0 0 0 0 885 0 0 0 0 180 0 0 0 0 7061 0 0 0 0
0 0 0 0 259068 258468 0 0 0 0 0 0 0 2117364 40 40 0 0 0 0 66 132 132 132 0 85217 11495 0 0 0 60 0 0 60 0 52549 0 0 0 0
0 0 0 0 0 0 258728 258748 0 0 0 0 0 0 0 0 80 40 0 0 0 0 0 15458 0 132250 10075 0 0 0 0 0 0 0 0 0 0 0 0 0
0 0 0 0 0 0 0 0 259148 258558 0 0 40 0 0 40 0 0 40 40 66 0 0 105195 660 1802 0 0 0 0 60 0 0 0 0 0 0 0 0 0
0 0 0 0 0 0 0 0 0 0 258908 0 0 0 0 0 0 0 0 0 0 0 0 0 0 0 180 0 0 120 240 60 0 0 0 240 120 0 0 0
0 0 0 0 0 0 0 0 0 0 0 258748 258748 0 0 0 0 0 0 0 330 0 0 0 0 0 0 120 0 0 420 0 0 0 0 0 0 0 0 0
0 0 0 0 0 0 0 0 0 0 0 0 0 259068 258172 0 0 40 0 0 132 0 0 0 0 0 825 0 0 0 60 0 60 0 0 60 0 0 0 10079
848616 0 0 0 0 0 0 0 0 0 0 0 0 0 1216 258788 0 0 40 0 0 0 0 0 0 0 11730 0 0 0 0 0 0 0 0 0 60 0 60 0
1268573 2116489 0 0 0 0 0 0 0 0 0 0 0 0 0 0 259438 259308 0 0 0 0 0 0 0 0 825 0 0 0 0 0 0 0 120 0 0 0 0 60
0 0 40 0 0 0 0 0 0 0 0 0 40 0 0 0 0 0 258508 259053 0 206 0 0 0 0 2584 60 0 0 60 0 0 0 180 0 0 0 0 18988
0 0 0 40 0 0 0 0 0 0 0 0 1546560 0 40 0 0 0 0 0 0 0 0 0 0 0 0 0 0 0 0 0 0 60 0 45785 0 0 0 0
0 0 0 0 40 40 0 0 0 0 0 0 573379 40 0 40 0 0 0 0 66 0 0 0 0 0 60 0 0 0 0 240 0 0 60 133063 0 0 0 3417
0 0 0 0 0 0 40 40 0 0 0 0 0 0 0 0 40 0 0 2121369 0 66 66 206 0 0 1328 0 0 0 0 0 0 0 180 30078 0 0 0 825
0 0 0 0 0 0 0 0 40 40 2121269 0 0 0 0 2112829 0 0 0 0 0 132 0 0 180 0 0 0 0 0 0 0 0 0 180 0 60 0 0 2532
258708 0 2120819 0 2116489 0 0 0 0 2117149 0 0 0 0 0 0 0 0 0 0 0 66 0 0 60 0 180 120 0 0 0 0 0 0 60 1447 60 0 0 0
0 258548 258533 0 0 0 0 0 0 0 0 40 40 0 0 0 0 0 0 0 0 0 0 66 0 0 0 0 0 0 0 0 0 0 60 0 0 0 0 885
0 0 0 258548 258548 2115484 0 0 2116604 0 0 0 0 40 0 0 0 40 0 0 0 0 0 0 480 0 0 0 60 0 0 0 0 0 60 0 0 0 0 40338
0 0 0 0 0 258548 0 0 0 0 0 0 0 0 40 40 2116629 0 40 0 0 0 0 0 0 0 0 0 28945 0 0 0 0 180 120 0 0 0 0 57175
0 0 0 0 0 0 258428 258748 0 0 0 0 0 0 0 0 40 40 0 0 66 264 0 0 0 0 0 420 21791 120 120 0 0 16349 0 0 60 0 0 0
0 0 0 0 0 0 0 0 259308 258628 0 0 0 0 0 0 0 0 40 0 0 0 0 0 360 0 0 120 2489 0 0 0 0 250497 0 0 0 0 0 1239
0 0 0 0 0 0 0 0 0 0 258548 0 0 0 40 0 0 0 0 0 0 0 0 0 240 0 0 0 0 0 0 0 0 1590 0 0 0 0 0 0
0 0 0 2118024 0 0 0 0 0 0 0 258508 259038 258468 0 0 0 0 0 0 0 0 0 0 0 0 0 0 0 0 0 0 0 0 0 0 0 60 0 0
0 0 0 0 0 0 0 0 0 0 0 0 0 0 258748 0 0 2115909 0 0 105871 0 396 0 60 0 0 120 0 0 0 60 0 0 0 0 0 360 0 0
0 0 0 0 0 0 0 0 0 0 0 0 0 0 0 259188 258748 0 2119564 40 61984 0 0 0 60 0 0 360 0 0 0 5653 0 0 0 0 0 240 60 0
40 0 0 0 0 0 0 0 0 0 0 2118309 0 0 0 0 0 258708 258708 0 0 0 0 0 0 0 360 0 120 0 0 0 0 60 480 120 0 60 0 37101
0 40 40 0 0 0 0 0 0 0 0 0 0 0 0 0 0 0 0 258868 66 0 0 0 0 0 0 0 0 360 0 60 0 0 0 0 0 0 60 42362
0 0 0 0 40 0 0 0 0 0 0 0 0 40 0 0 0 0 0 0 0 0 0 0 0 0 0 0 0 0 0 180 0 0 0 0 0 0 4334 0
0 0 0 0 0 40 0 2114229 0 0 0 0 0 0 40 0 40 0 0 0 0 0 0 0 0 0 1803 0 120 0 0 180 0 0 0 0 0 60 185520 0
0 0 0 0 0 0 2116124 0 0 0 0 0 0 1443444 0 0 0 0 0 0 0 66 0 66 60 60 26368 0 0 0 0 0 0 0 0 0 120 60 98146 0
0 0 0 0 0 0 0 0 40 40 0 0 0 671725 0 0 0 0 0 0 0 0 0 0 0 0 0 0 0 0 0 60 0 0 0 0 0 0 573 0
2377752 0 0 0 0 0 0 0 0 0 40 0 0 0 2114549 0 0 0 0 0 0 0 66 0 0 0 36549 0 120 0 0 240 0 0 825 0 0 60 60 0
0 258628 259028 40 0 0 0 0 0 0 0 0 80 40 0 0 0 0 0 0 0 0 13163 0 0 0 172265 0 0 0 60 480 0 0 3165 0 0 60 0 0
0 0 0 258668 258708 0 0 0 0 0 0 0 0 0 40 0 0 40 0 0 66 0 108643 0 0 0 0 0 0 0 240 0 60 120 29302 0 60 0 0 0
0 2121239 0 0 0 258543 258948 0 0 0 0 0 0 0 0 80 40 0 40 0 0 0 0 0 0 0 0 0 60 60 420 0 480 0 64173 0 0 0 0 0
0 0 0 0 0 0 0 259308 259228 0 0 40 0 0 0 0 0 40 40 0 0 0 0 66 180 0 0 0 120 60 0 0 120 0 1111 0 60 60 0 0
0 0 0 0 0 0 0 0 0 258628 0 0 0 0 0 0 0 0 0 40 0 0 0 66 0 0 0 0 0 0 60 0 60 0 1191 101114 120 0 240 0
0 0 0 0 0 0 0 0 0 0 258548 258868 0 0 0 0 0 0 0 0 0 0 0 0 0 0 0 0 0 240 0 0 0 0 0 0 180 0 180 0
0 0 0 0 0 0 0 0 0 0 0 0 258548 256000 0 0 40 0 0 1081073 0 0 0 66 0 0 0 300 0 0 60 420 0 0 0 0 0 0 0 0
0 0 0 0 0 0 0 0 0 0 0 0 0 2988 258628 0 0 0 0 1038601 0 0 0 0 120 0 0 0 0 0 0 60 0 0 0 60 0 0 0 0
0 0 0 0 0 0 0 0 0 0 0 0 0 40 0 258713 258628 0 0 0 0 0 0 0 0 0 0 0 60 0 0 0 0 0 0 0 0 0 0 0
80 0 0 0 2117164 0 0 0 2119809 0 0 0 0 0 40 0 0 258508 258628 0 0 0 0 0 0 0 0 0 0 0 0 0 0 0 0 0 0 0 0 60
0 0 2121919 0 0 2115909 0 0 0 0 0 0 40 0 0 2114084 0 0 0 258588 0 0 0 0 0 0 0 0 0 0 0 0 0 0 0 0 0 0 38509 60
0 0 0 40 0 0 0 0 0 2118914 0 0 0 0 0 0 2114804 0 0 0 0 0 0 0 0 0 0 0 180 0 0 0 0 0 0 60 0 0 223575 60
0 40 0 0 0 0 40 0 0 0 0 0 1569188 0 0 0 0 0 0 0 0 66 0 0 0 0 0 0 0 72092 0 0 0 120 0 60 0 0 573 0
0 0 0 0 0 0 0 40 0 0 0 0 546381 0 0 0 0 40 40 0 0 0 0 0 0 0 240 0 60 6878 120 0 0 33104 120 0 0 0 0 0
0 0 0 0 0 0 0 0 0 0 0 0 0 0 0 0 0 0 2118474 0 0 66 0 0 0 60 0 0 0 0 300 0 0 119622 0 60 0 0 240 120
258948 258508 0 0 0 0 0 0 0 0 2117774 40 0 0 0 0 0 0 0 0 132 132 132 132 0 0 0 0 0 0 82922 0 0 52566 0 60 0 0 0 0
0 0 258588 258508 0 0 0 0 0 0 0 0 40 0 0 0 0 2116124 0 0 0 0 0 0 0 660 0 0 0 0 1111 0 0 0 0 0 0 0 0 0
0 0 0 2118269 258588 0 0 0 0 0 0 0 0 40 40 0 0 0 0 0 0 0 0 462 0 240 0 0 60 0 6423 0 0 60 0 0 0 0 0 0
0 0 0 0 0 258708 258708 0 0 0 0 1301155 0 40 0 40 40 0 0 0 0 0 0 0 0 0 0 300 0 0 105759 0 0 0 19267 0 1361 0 0 0
40 0 0 0 0 0 0 258828 258513 0 0 818809 0 0 40 0 0 40 40 0 0 0 0 0 0 0 0 0 0 0 8583 0 0 0 110627 0 2056 0 0 0
0 0 0 0 0 0 0 0 0 258748 258748 0 0 0 0 40 0 0 0 40 0 0 0 0 0 0 0 0 0 0 60 0 60 0 41293 0 825 0 0 60
0 0 0 0 0 0 0 0 0 0 0 259308 0 0 0 0 40 0 0 0 0 0 0 0 0 0 0 0 0 0 1047 0 0 0 29234 0 6114 0 0 0
0 0 0 0 0 0 0 0 0 0 0 0 258988 258628 0 0 0 0 0 0 0 0 0 0 0 0 0 0 0 0 0 0 0 0 59653 17727 0 0 0 0
0 0 0 0 0 0 0 0 0 0 0 0 40 0 258828 258428 0 0 0 0 0 0 0 0 8173 0 0 360 60 120 0 0 0 60 0 32446 1858 0 0 120
848924 0 0 0 0 0 0 0 0 0 0 0 0 2115414 0 0 259188 0 40 0 0 0 0 0 0 0 0 0 0 0 0 0 0 60 0 10886 104688 0 120 0
1266420 40 0 0 0 0 0 0 0 0 0 0 0 0 0 0 0 258508 259303 0 66 0 0 0 0 0 0 0 0 0 0 240 0 0 0 0 34902 0 0 0
0 0 40 0 0 0 2116269 0 0 0 0 0 0 0 0 0 0 40 0 258788 0 66 0 0 0 0 0 0 0 0 0 0 0 0 1072 120 0 0 0 0
0 0 0 40 40 0 0 0 0 0 0 0 0 0 40 0 0 0 0 0 0 132 66 0 180 0 0 0 0 0 0 0 0 0 60 0 0 0 0 0
0 0 0 0 0 40 0 2115244 0 0 0 0 0 0 0 0 0 0 0 0 0 66 0 0 0 120 0 0 0 0 0 0 0 0 0 60 0 0 0 0
120 0 0 0 0 0 0 0 40 0 0 0 0 0 0 0 0 0 0 0 0 0 0 66 0 1240 0 0 0 0 0 0 0 0 0 0 0 0 0 0
258748 0 0 0 0 0 0 0 0 40 40 0 0 0 0 40 0 0 0 0 0 0 0 0 480 1277 0 0 0 0 0 0 0 23282 0 0 0 0 0 0
0 258788 0 0 0 0 0 0 0 0 0 40 0 0 0 0 40 0 0 0 0 0 0 0 0 499087 0 0 0 0 0 0 0 0 120 0 0 0 0 120
0 0 258708 258748 0 0 0 0 0 0 0 0 40 40 2116909 0 0 0 0 2116459 0 264 0 0 120 193406 0 120 180 60 0 0 60 0 0 0 0 0 0 0
0 2122264 0 0 258628 258748 0 0 0 0 0 0 40 0 40 40 0 0 0 0 0 0 0 0 240 1586 0 120 60 0 120 0 180 360 120 0 34711 0 0 60
0 0 0 0 0 0 258628 0 0 0 0 0 0 40 0 0 40 0 40 0 0 0 0 0 360 0 0 0 0 0 0 0 0 0 0 0 119752 0 0 0
0 0 0 0 2116959 0 0 258668 2381132 0 0 0 0 0 0 2115294 0 40 40 0 0 0 0 0 0 0 0 0 0 0 0 0 0 0 0 0 38731 60 0 0
0 0 2121829 0 0 2114744 0 0 0 2372997 258508 0 0 0 0 0 0 40 0 0 132 0 0 0 60 0 0 120 0 0 0 300 0 0 0 0 0 360 0 0
0 0 0 0 0 0 0 0 0 0 0 259208 0 0 0 0 2115069 0 0 0 330 0 0 0 0 28673 0 360 0 0 0 120 0 0 0 0 0 180 30166 0
0 0 0 0 0 0 0 0 0 0 0 0 2376052 259108 0 0 0 0 0 0 206 0 0 0 0 132582 0 60 0 0 0 0 0 0 0 0 0 60 116553 0
0 0 0 0 0 0 0 0 0 0 0 0 0 0 258588 258628 0 0 2118674 0 0 0 0 0 0 31540 0 44778 0 300 0 60 0 0 0 0 0 0 145166 360
40 0 0 0 0 0 0 0 0 0 0 0 0 0 0 0 259068 258588 0 0 0 0 140 0 0 46467 0 203782 0 0 0 180 0 0 0 0 60 0 0 0
0 0 0 0 0 0 0 0 0 0 0 0 0 0 0 0 0 2118754 258668 258668 0 0 66 0 0 44411 120 2158 0 0 0 180 102909 0 0 0 0 60 1152 60
0 0 0 1441289 0 0 0 0 0 0 0 0 0 0 40 0 0 0 0 0 0 0 0 0 0 0 0 0 120 0 0 0 96525 0 0 0 0 60 6562 0
0 40 0 676745 0 0 0 0 0 0 0 0 0 0 0 0 0 0 0 0 0 0 0 0 0 360 0 5646 120 51342 0 300 346 0 0 0 540 0 0 0
0 0 0 0 0 0 40 0 0 0 0 2116559 0 40 0 0 0 0 0 0 0 0 0 0 0 0 120 0 120 347048 5099 120 1351 271 0 0 0 60 0 180
0 0 0 0 40 0 0 40 40 0 0 0 0 0 0 40 0 0 0 0 0 0 0 0 0 0 480 0 0 41539 2617 600 0 0 0 0 0 0 0 0
258468 0 40 0 0 40 0 0 0 40 40 0 0 0 0 0 0 0 0 0 66 0 462 0 180 0 0 0 0 0 7821 0 0 0 0 0 60 0 0 0
0 259268 0 0 0 0 0 0 0 0 2115894 0 0 0 0 0 40 0 0 0 0 0 0 0 0 0 0 0 60 0 0 0 0 0 0 0 0 0 0 0
0 0 258548 258708 0 0 0 0 0 0 0 0 80 40 0 0 0 0 0 0 0 0 0 66 0 0 0 0 0 60 885 0 0 0 0 0 0 0 0 0
0 0 0 0 259133 258868 0 0 0 0 0 0 0 0 40 40 0 0 40 0 0 0 0 0 0 0 0 0 0 0 40278 0 0 0 60 300 0 0 180 0
2117999 0 0 0 0 0 259068 258668 0 0 0 0 0 2117219 0 0 40 40 0 0 0 0 0 66 0 0 0 0 0 0 1786 60 30657 0 0 10992 0 0 120 0
0 0 0 0 0 0 0 0 258628 258388 0 0 0 0 0 0 0 40 40 40 401 0 0 66 0 0 0 3829 0 0 0 180 0 0 0 0 0 0 0 180
0 0 0 0 0 0 0 0 0 0 258628 0 0 0 40 0 0 0 0 0 534913 0 0 0 300 0 0 0 0 71841 813 60 0 0 0 0 60 0 0 9807
0 0 0 0 0 0 0 0 0 0 0 258468 258708 0 0 0 0 0 0 0 0 0 0 0 0 120 0 0 0 207959 0 60 120 0 0 0 180 0 0 60
0 0 0 0 0 0 0 0 0 0 0 0 0 259508 259248 0 0 0 0 0 0 0 0 0 0 0 0 0 0 573 0 0 0 0 0 60 0 0 240 17120
0 0 0 0 0 0 2114669 0 0 0 0 0 0 0 0 258508 0 0 0 0 0 0 0 0 0 0 0 0 0 0 0 0 0 0 0 13307 0 0 0 60
0 0 0 0 0 0 0 0 0 0 0 0 0 0 0 0 259148 258588 0 0 0 0 0 0 0 0 0 0 60 0 0 0 0 0 0 29493 0 0 60 825
0 40 0 0 0 0 0 0 0 0 0 0 0 0 0 0 0 0 258428 2379847 0 0 0 0 0 0 0 0 0 0 0 0 0 0 0 13826 0 0 60 2592
0 0 40 40 0 0 0 0 0 0 0 0 40 0 0 0 0 0 0 0 0 0 0 0 0 0 0 0 0 0 0 0 0 0 0 0 0 0 0 0
0 0 0 0 40 40 0 2112749 0 0 0 0 0 0 40 40 0 0 0 0 0 0 0 0 0 0 0 0 0 0 0 0 0 180 0 60 0 0 0 0
