40 40 0 29008 0 0 43290 0 0 0 0 0 0 0 40 0 26930 40 0 0 23252 198 132 132 6480 0 0 0 0 0 0 54 0 0 216 0 0 0 0 0
3006 0 24236 11320 0 47954 0 0 0 40 40106 0 0 0 0 0 0 0 40 40 66 0 0 0 1518 0 54 0 0 0 0 0 0 0 0 0 0 0 0 2405
1320 4326 10440 0 0 0 0 0 0 0 0 40 0 0 0 0 0 0 0 0 198 0 0 0 38470 0 0 0 0 0 0 0 0 0 0 0 0 0 0 7581
0 0 5164 4568 0 0 0 0 0 0 0 0 40 10490 0 0 0 43710 0 0 198 0 0 0 12161 0 0 0 108 0 0 324 0 0 0 0 0 0 0 18791
0 0 0 0 4568 4528 0 0 0 26134 0 0 0 18728 40 40 0 0 0 0 198 66 0 17319 7622 270 0 0 0 0 0 432 0 0 0 0 0 0 0 1465
0 0 0 0 0 0 4568 40 0 14920 0 0 0 0 0 0 40 0 0 0 0 0 0 0 0 54 0 0 0 0 0 54 0 54 0 54 0 0 0 678
0 0 0 0 0 0 0 4488 4408 0 0 0 0 0 0 0 0 40 40 0 0 0 0 0 0 0 0 0 0 0 0 54 0 0 0 54 0 0 0 0
0 0 0 0 0 0 0 0 0 4528 4488 0 0 0 0 0 0 0 0 40 132 0 0 0 0 0 0 0 0 0 0 0 0 0 0 432 0 0 270 0
0 0 0 0 0 0 0 0 0 0 0 4408 0 0 0 29094 0 0 0 0 0 0 0 0 54 162 0 0 0 0 0 0 0 0 0 54 54 0 54 0
0 0 0 0 0 0 0 0 0 0 0 0 4448 4328 0 0 0 0 0 0 132 0 0 0 54 0 0 0 1204 0 0 0 0 0 54 0 0 270 0 0
107 0 0 0 0 0 0 0 0 0 0 0 45586 0 4568 8392 40 0 40954 0 0 66 0 0 0 0 0 0 9411 0 0 0 270 0 0 0 0 216 0 0
0 0 0 0 0 0 0 0 0 0 0 0 0 0 0 0 8628 4432 0 28837 0 7147 66 0 378 0 0 0 4910 0 0 0 0 0 3311 108 2479 0 0 0
40 40 0 0 48470 0 0 0 0 0 0 35062 0 0 0 0 0 920 4328 0 0 16389 132 66 432 324 0 0 0 0 0 0 54 0 10110 1532 8321 0 0 0
0 0 40 40 0 0 0 0 0 0 0 0 0 0 0 0 0 40 0 4448 0 528 66 0 108 0 0 0 0 0 216 0 108 0 0 0 19727 0 324 6183
0 0 0 0 0 40 0 0 0 0 0 0 0 40 40 0 0 0 0 0 330 132 132 132 0 0 0 0 0 0 0 0 0 0 0 0 0 0 0 15893
0 0 0 0 0 0 40 0 0 0 0 0 0 0 0 0 0 0 0 0 0 0 0 0 0 378 54 0 0 0 0 0 1322 0 54 0 662 162 0 4374
0 32248 0 0 0 0 0 40 40 0 0 0 0 0 16330 0 0 0 0 0 0 0 0 0 0 54 54 0 0 0 0 54 216 0 0 108 0 0 0 0
7326 0 0 0 0 0 0 0 0 40 40 0 0 0 10600 0 0 0 0 0 0 0 264 0 0 1060 162 0 5520 162 0 108 0 0 0 1227 0 0 0 0
0 4486 0 0 0 0 0 0 0 0 0 0 0 0 0 40 0 0 0 0 14471 0 0 0 0 778 54 0 9772 54 0 0 0 0 324 4719 0 54 0 0
0 0 4288 5388 0 0 0 35738 0 0 0 0 0 40 0 0 0 0 0 0 0 0 0 0 0 162 0 0 0 0 0 0 0 0 0 911 0 162 0 0
29086 0 0 0 4608 4408 0 7800 0 0 0 0 40 0 40 40 40 0 40 0 0 0 0 0 0 0 0 0 0 0 0 0 0 0 0 0 0 108 54 0
3200 0 0 0 0 0 6584 4208 0 0 0 0 0 0 0 0 40 0 0 0 330 0 0 0 0 54 0 0 0 0 0 0 54 0 0 0 0 0 54 108
0 0 0 0 0 0 0 0 6044 0 0 40 0 0 0 0 0 40 40 0 0 0 0 0 756 0 0 0 0 0 0 0 0 0 0 0 0 0 108 0
0 0 0 0 0 0 0 0 0 4528 4648 0 0 0 0 0 0 40 0 40 132 0 0 0 0 0 108 0 0 0 0 162 324 0 0 0 0 0 54 0
0 0 0 0 0 0 0 0 26570 0 0 4408 4448 40 0 0 0 0 0 0 264 132 132 132 0 0 270 0 0 0 0 0 54 0 0 6935 0 0 0 162
0 0 0 0 0 0 27530 0 0 0 31666 0 0 4368 0 0 35442 0 0 0 0 66 0 0 0 0 0 0 216 0 0 0 108 0 0 9142 0 0 0 0
0 0 31404 29236 0 43558 0 0 0 0 0 0 0 0 6168 4568 6600 0 0 0 0 0 66 66 0 0 324 108 0 0 0 0 108 54 0 0 0 0 54 0
0 0 0 0 0 0 0 0 0 0 0 0 0 0 40 0 4648 4488 0 0 0 0 0 0 0 0 0 0 0 0 0 0 0 324 0 1188 0 0 54 0
0 40 0 0 0 0 0 0 0 0 0 0 0 0 0 0 0 0 4488 4488 308 0 0 0 0 0 0 0 54 0 0 0 54 54 0 0 0 0 0 0
0 0 0 0 0 0 0 0 0 0 0 0 0 55398 0 0 0 45486 0 0 0 0 0 0 0 0 0 0 0 108 162 0 108 54 0 0 8710 0 54 0
0 0 0 0 40 0 0 0 0 0 0 0 0 0 0 40 0 0 0 0 264 0 0 0 0 0 0 540 0 0 216 0 324 0 0 0 988 0 0 0
40 0 0 0 0 0 0 40 0 38650 0 0 0 0 0 0 0 0 0 0 198 0 0 0 0 0 0 0 0 0 0 54 1348 0 0 0 0 0 0 0
0 0 0 0 0 0 0 0 0 0 0 0 0 0 0 0 0 0 40 0 198 0 0 0 0 0 0 0 0 0 0 0 2026 0 0 0 0 0 0 0
4566 0 0 0 0 0 0 0 0 0 0 0 0 0 0 0 0 0 0 0 330 0 0 0 0 0 0 0 108 54 54 54 2443 0 0 216 108 0 54 0
0 6634 4568 0 0 0 0 0 40 0 0 40 40 0 0 10090 0 0 0 0 264 66 66 66 0 0 0 0 0 0 0 54 2517 0 0 0 0 0 54 0
0 0 0 3848 0 0 40 0 0 0 40 0 0 40 0 19288 0 0 44382 0 66 0 0 63702 0 0 0 0 0 0 0 216 21899 432 0 54 0 0 0 0
0 0 0 0 4408 5432 0 0 0 0 0 0 37646 0 40 40 40 0 0 39586 0 0 0 7821 0 0 0 0 216 0 0 0 2913 0 0 0 0 0 0 0
0 0 0 0 0 0 4528 4488 0 0 0 0 0 0 40 0 40 40 0 0 206 0 0 0 0 108 0 0 0 0 54 0 0 0 0 0 0 0 0 0
0 0 0 0 0 0 0 0 4448 4568 0 39466 0 0 0 0 0 0 40 0 0 0 140 0 0 0 0 0 0 0 594 0 0 0 0 0 0 0 0 0
0 0 0 0 15306 0 0 0 0 0 5480 0 0 40 0 0 0 40 0 0 198 0 0 0 0 0 0 0 0 0 0 0 0 0 0 0 0 0 0 0
42019 0 0 0 13480 0 0 0 0 0 0 4288 4328 0 0 0 0 0 0 0 0 0 0 0 0 0 0 0 0 0 0 0 0 0 0 0 0 0 0 0
0 0 0 0 0 0 0 0 0 0 0 0 0 4568 4128 0 0 0 0 0 0 0 0 0 11483 0 0 0 0 54 0 0 0 0 0 0 54 0 0 54
0 27972 0 0 0 0 0 0 0 0 0 0 0 0 29006 8412 5764 0 0 0 0 0 0 0 21286 0 0 0 0 0 0 0 3797 0 0 0 108 0 0 54
0 0 0 0 0 0 0 0 0 0 0 0 0 0 0 0 0 6904 0 0 0 0 0 0 0 0 0 0 0 0 0 0 17042 108 0 0 0 0 0 0
0 0 40 0 0 0 0 43954 0 0 0 0 0 0 0 0 0 0 8568 4448 0 0 0 0 6024 0 0 0 0 0 0 0 6434 0 108 0 54 0 0 0
0 0 0 40 0 0 0 0 0 0 0 0 0 0 0 40 0 0 40 0 132 877 0 0 6973 540 0 0 0 0 0 54 0 0 108 0 0 0 0 0
0 0 0 0 0 40 0 0 0 0 0 0 0 0 0 0 0 0 0 0 0 18637 0 975 0 0 54 0 0 0 0 0 678 0 0 0 0 0 0 54
0 0 0 0 0 0 40 0 0 0 0 0 0 0 0 0 40 0 0 0 198 0 0 13623 108 0 0 0 0 0 0 0 0 0 0 0 0 0 0 0
0 0 0 0 0 0 0 0 29762 40 0 0 0 0 0 0 0 0 0 0 66 0 0 0 0 0 0 0 0 1219 0 108 0 0 0 0 0 0 0 216
4526 0 0 0 0 0 0 0 0 0 40 0 0 40 0 0 0 40 0 0 66 0 0 0 54 0 0 0 0 4409 0 540 0 0 0 0 0 0 0 0
0 4486 6924 0 40 0 0 0 0 0 6134 40 40 0 0 0 30390 0 0 0 0 0 0 0 0 0 0 0 0 0 0 54 0 0 0 0 0 0 0 54
0 0 0 7784 4288 0 30586 0 0 0 21400 0 0 40 40 0 9400 0 0 0 0 0 0 0 1111 0 0 0 0 0 0 54 54 0 0 0 0 0 0 1424
0 0 27700 8208 0 51006 4368 0 0 0 0 0 0 0 40 40 40 0 0 0 68883 0 0 0 216 0 0 0 0 0 0 0 54 0 0 216 0 0 0 0
0 0 0 18680 0 0 0 4408 0 0 0 0 0 0 0 0 0 40 0 0 1319 0 0 0 54 108 0 0 54 1497 0 0 432 0 0 0 54 0 0 0
0 0 0 0 0 0 0 0 4528 5728 0 0 0 0 0 0 0 32454 40 40 594 0 0 0 54 0 0 0 54 0 0 0 0 0 54 0 0 0 0 0
0 0 0 0 0 0 0 0 0 0 4288 4528 0 42222 0 40 0 8336 40 0 198 0 0 0 0 1352 0 0 108 0 0 0 216 0 0 0 0 486 0 0
0 0 0 0 0 0 0 0 0 28090 0 0 5000 0 0 0 0 0 0 0 0 0 0 0 270 4802 0 0 54 0 0 0 0 2677 54 54 0 0 0 0
0 0 0 0 0 0 0 0 0 0 0 0 0 7628 6808 0 0 0 0 0 0 66 132 0 3597 8770 0 0 0 0 0 0 0 6695 378 54 0 0 0 0
0 0 0 0 0 0 0 0 0 0 0 0 0 0 0 4288 4368 0 18410 0 0 0 66 0 4052 378 0 0 0 2287 0 0 0 0 0 0 378 0 0 4545
40 0 0 0 0 0 0 0 0 0 0 0 0 0 0 0 0 4208 29192 0 0 0 0 0 0 0 0 0 0 9879 0 0 0 3361 2372 0 0 0 0 10859
0 40 0 0 0 0 0 0 0 0 0 0 0 0 0 0 0 0 7668 4328 21429 0 0 0 0 54 54 54 0 34809 0 0 0 2262 5566 0 54 0 0 5031
0 0 0 0 40 0 0 0 0 0 0 0 20450 0 0 28750 40 0 0 39190 66 0 0 0 0 0 54 324 0 6350 0 0 0 0 54 108 0 0 0 0
0 0 40 0 0 40 40 0 0 0 0 0 7160 0 40 0 0 0 0 0 0 0 264 0 0 0 162 0 54 694 162 0 0 4672 0 0 0 0 0 0
0 0 0 40 0 0 0 40 0 0 0 0 0 0 0 0 0 0 0 0 0 0 0 0 0 0 54 378 648 108 0 0 0 10242 270 54 0 54 0 0
33980 0 0 0 0 0 0 0 40 0 0 0 0 0 0 0 0 0 0 0 0 0 0 0 0 108 0 0 0 0 0 0 0 5182 0 0 0 162 0 54
7726 6394 0 0 0 0 0 0 0 0 40 40 0 40 0 0 0 40 0 0 0 0 0 0 0 0 0 0 0 0 0 0 0 0 0 0 0 108 54 0
0 0 4408 0 28314 0 0 0 0 40 0 40674 0 0 0 0 0 0 0 0 66 0 0 0 0 54 0 0 0 0 0 0 0 0 0 0 0 0 54 0
0 26616 0 5848 4528 0 0 0 0 0 0 0 0 40 40 0 0 0 0 0 0 0 0 0 0 0 0 0 0 0 0 0 0 0 0 0 0 0 108 0
0 0 0 0 0 4408 4448 0 0 0 0 0 0 0 0 40 40 0 0 0 0 0 0 0 0 0 54 0 0 0 0 0 0 0 0 0 0 0 54 0
0 0 0 0 0 0 0 8044 0 0 0 0 0 0 0 0 0 40 40 0 0 0 1393 0 0 0 324 0 1118 0 0 0 0 0 0 54 0 0 0 54
0 0 0 0 0 0 0 10930 4488 4528 0 0 0 0 40146 0 0 0 40 0 15816 0 3462 0 0 0 0 0 2053 0 0 0 0 0 0 270 0 0 0 0
0 0 0 0 0 0 0 18240 0 0 4488 4448 0 0 0 40 40 0 0 40 0 0 1668 0 0 0 324 54 0 0 0 0 0 0 0 0 0 0 54 0
0 0 0 0 0 0 0 0 0 0 0 0 4448 4528 0 0 0 0 0 0 0 0 889 0 1512 0 0 54 0 0 0 0 0 0 0 54 0 0 54 0
0 0 0 27068 0 0 0 0 0 0 0 0 0 0 4288 4408 0 0 0 0 214 148 148 0 0 54 0 0 54 0 0 0 0 108 0 0 0 0 0 0
0 0 0 0 0 0 0 0 0 0 0 0 0 0 0 0 27186 0 0 0 5560 5462 5558 5458 0 0 0 0 0 54 2002 0 108 54 54 0 108 0 0 54
40 0 0 0 0 0 0 0 46766 0 0 0 0 0 0 0 14720 4328 4528 0 198 0 0 0 9403 0 0 162 0 54 216 0 324 0 54 0 108 0 0 0
0 0 40 0 0 0 35690 0 0 0 0 0 0 0 0 0 0 0 0 4528 264 0 0 0 0 0 0 0 0 0 0 108 0 0 0 162 0 0 0 0
0 40 0 0 40 0 7520 0 0 0 32966 0 0 40 0 0 0 0 0 0 198 0 0 0 0 0 0 0 0 0 8888 0 0 0 0 0 0 0 0 0
0 0 0 0 0 40 0 0 0 0 0 0 0 0 0 0 0 0 0 0 264 0 0 0 0 0 0 0 0 0 16569 0 0 0 0 0 0 0 0 0
0 0 0 0 0 0 0 0 0 0 0 0 0 0 0 0 0 12126 0 0 198 0 0 0 7037 0 0 0 0 0 3186 108 54 0 0 0 0 0 0 0
4406 0 43512 0 0 0 0 0 0 40 0 0 0 0 40 0 0 19064 40 0 198 0 0 66 14158 0 0 0 0 0 0 324 162 270 0 54 0 0 1254 0
0 4366 0 0 0 0 0 40 0 10842 0 40 0 0 0 40 0 0 0 0 66 0 0 0 0 0 0 0 108 0 0 0 0 0 0 0 0 0 5109 0
0 0 4248 4408 0 0 0 0 0 17560 0 0 40 30382 0 0 0 0 45402 0 66 0 0 0 0 162 0 0 0 0 54 0 0 0 0 0 0 54 724 0
0 0 0 0 4736 44290 0 0 0 0 0 0 0 0 40 40 0 0 0 0 198 0 0 0 0 0 0 0 0 0 486 378 0 6924 108 216 0 54 0 0
0 0 0 0 0 4528 4448 0 0 0 0 0 0 0 0 0 40 0 0 0 1310 0 0 0 1062 108 0 0 0 0 0 0 0 162 0 0 54 0 0 0
0 0 0 0 0 0 0 4448 4448 0 0 0 0 0 0 0 40 40 40 0 132 1388 1256 132 0 0 0 0 0 0 0 0 0 0 0 0 0 0 0 0
0 0 0 0 0 0 0 0 0 4408 0 0 28898 0 0 0 0 0 0 39858 0 3490 132 1256 5780 0 0 0 0 0 7123 5457 0 0 0 54 0 270 0 54
0 0 0 0 0 0 0 0 0 0 4528 4408 11400 0 0 41994 0 0 0 0 0 11594 0 0 18688 0 0 0 0 0 10535 25692 54 0 0 0 162 0 0 54
0 0 0 0 0 0 0 0 0 0 0 0 4648 7540 0 0 0 0 0 0 0 0 0 0 10209 0 0 0 0 0 0 2393 108 0 0 0 0 0 0 0
0 0 0 0 0 0 0 0 0 0 0 0 0 0 4608 8336 0 0 0 0 0 0 0 264 6724 0 0 0 0 0 0 0 378 0 54 0 54 0 0 0
0 0 0 0 0 0 0 0 0 0 0 0 0 0 0 0 4408 4448 0 0 0 108 0 0 5920 0 0 0 0 0 0 0 0 0 108 0 0 0 0 0
40 40 0 0 27730 0 0 0 0 0 0 0 0 0 0 0 0 0 8104 0 0 5515 0 0 7704 0 54 0 0 0 0 0 54 1641 54 0 0 0 0 0
40768 34624 40 40 0 0 0 0 0 0 0 0 0 40 0 0 0 0 40 4568 0 5565 0 462 162 108 0 0 0 0 0 0 0 0 0 0 0 0 0 0
0 0 0 0 0 0 0 0 0 0 0 0 0 0 40 0 0 0 0 0 66 0 0 0 0 0 162 0 0 0 108 108 108 0 54 0 54 270 0 108
0 0 0 0 0 40 40 0 0 0 0 0 0 0 0 0 0 0 0 0 66 206 924 140 54 0 0 0 0 0 0 5911 0 0 0 0 0 54 108 54
0 0 0 0 0 0 0 40 40 0 0 0 0 0 0 0 40 0 0 0 0 0 0 66 0 0 0 0 0 0 0 31513 0 1310 0 0 0 54 0 54
4326 0 0 0 0 0 0 0 0 40 0 0 0 0 0 0 0 0 0 0 0 0 0 0 0 0 0 0 0 1066 0 2401 0 0 0 0 0 0 0 2146
0 4326 0 0 0 0 0 0 0 0 40 40 0 0 0 40 0 0 0 0 0 0 0 0 0 0 0 0 0 0 0 0 0 0 0 108 0 0 0 4044
0 0 4528 8420 0 0 0 0 0 0 0 0 40 40 0 0 0 0 0 0 0 206 0 0 54 0 0 0 0 0 0 0 0 0 0 0 0 0 0 772
0 0 0 29612 4448 4568 0 45542 0 0 0 37746 0 0 40 40 42318 0 0 0 0 0 13691 0 54 0 54 0 0 0 0 0 0 0 0 0 0 0 0 0
0 0 0 0 0 0 4936 3928 28990 0 0 0 0 0 0 0 40 80 0 0 0 0 216 0 0 0 270 0 108 0 0 0 216 0 0 0 0 108 0 3715
0 0 0 0 0 0 0 0 4528 0 0 0 0 0 42918 0 0 0 40 0 0 0 0 206 3919 54 0 0 270 0 0 3751 0 0 0 54 54 54 0 7594
0 0 0 0 0 0 27690 0 0 4448 5132 0 0 40 0 0 0 0 40 40 0 66 0 0 6736 324 108 0 0 0 0 24180 0 0 216 54 0 0 0 0
0 0 0 0 0 0 0 0 0 0 0 4488 4128 0 0 0 0 47222 0 0 132 0 11242 0 0 108 594 0 216 54 108 7280 162 0 54 0 432 108 0 0
0 0 0 0 0 0 0 0 0 0 0 0 0 4408 0 0 0 0 0 0 0 0 6011 0 0 0 0 0 5663 0 0 0 0 3797 54 0 0 0 0 270
0 0 0 0 0 0 0 0 0 0 29066 0 0 0 7160 4488 0 0 0 0 66 0 0 0 0 0 54 0 29568 378 0 710 0 15960 108 0 54 0 0 54
0 0 35364 0 0 0 0 0 0 0 0 0 0 0 0 0 6604 5632 0 0 66 0 0 0 0 0 54 0 2086 432 0 0 0 54 54 0 0 0 0 0
40 40 0 0 0 0 0 0 0 0 0 0 0 29706 0 0 0 0 38434 0 0 0 0 0 0 0 0 0 748 54 0 0 0 0 0 0 0 0 0 0
0 0 0 0 0 0 0 0 0 32082 0 0 0 0 0 0 0 0 0 4368 0 0 0 0 0 0 54 0 54 0 0 0 0 0 270 0 0 54 0 0
0 0 0 40 40 40 0 0 0 0 0 0 0 0 0 40 40 0 0 0 0 0 132 0 0 108 0 0 0 0 0 0 0 0 0 54 0 108 6056 0
0 0 0 0 0 0 0 40 0 0 0 0 0 0 0 31014 0 0 0 0 0 0 66 0 0 0 0 0 0 0 0 0 0 0 0 0 0 54 10064 0
0 0 0 0 0 0 0 0 40 0 0 0 0 0 40 0 0 0 0 0 0 0 0 0 0 54 0 0 0 0 0 0 0 270 0 0 0 0 108 0
4566 0 0 0 0 0 40 0 0 0 0 0 41186 0 0 0 0 0 0 0 0 0 0 0 0 0 0 0 0 0 0 0 0 0 0 0 0 0 0 0
0 4646 4648 0 0 0 0 0 0 0 0 40 0 0 0 0 0 40 0 17186 306 0 0 0 0 2462 0 0 0 0 0 108 0 270 0 0 0 54 0 0
0 0 0 4448 0 0 0 0 0 0 0 0 0 40 0 0 0 0 0 17080 0 0 2136 0 0 0 54 0 0 0 0 0 0 0 0 54 0 0 0 162
0 0 0 0 7180 30502 0 0 0 0 40 0 0 0 40 40 0 0 0 0 396 0 0 0 0 3437 0 0 0 0 0 0 54 0 0 216 0 0 0 0
44632 0 0 0 0 6720 4608 4528 0 0 0 0 0 0 0 0 40 40 0 0 0 0 0 0 0 648 216 54 0 0 0 0 0 0 0 54 0 0 54 0
0 0 0 0 0 0 0 0 4448 0 0 0 0 40 0 0 0 0 80 0 0 0 0 0 0 0 0 54 0 0 0 0 0 0 0 54 0 0 54 0
0 0 0 0 30042 0 0 0 0 4448 4448 0 0 0 0 0 0 0 0 0 0 0 0 0 0 0 0 0 0 2324 0 0 0 0 0 0 0 0 0 0
0 30624 0 0 0 0 0 0 0 0 0 4568 4248 0 0 0 40 0 0 0 132 132 132 132 0 0 0 0 0 4902 3434 0 0 54 0 0 54 0 0 0
0 0 0 0 0 0 0 0 0 0 0 0 0 8144 4488 40 0 0 0 0 66 0 0 0 0 0 0 162 0 8510 5724 0 324 0 0 0 162 0 0 0
0 0 0 0 0 0 0 0 0 0 0 0 0 0 0 4528 4408 0 0 0 264 0 0 0 0 0 0 0 0 0 0 0 0 0 0 5368 0 0 0 0
0 0 0 0 0 0 0 0 0 0 0 0 0 0 0 0 0 4448 0 0 198 0 0 0 0 108 0 0 0 0 2175 0 0 0 0 54 0 0 108 0
0 0 40 0 0 0 0 0 0 0 0 0 0 0 0 0 30418 0 4368 4408 198 0 0 13804 0 0 0 0 432 0 15046 0 54 0 0 2220 0 0 0 0
0 0 0 40 0 0 0 0 0 0 0 0 0 0 0 0 0 0 0 0 132 0 0 804 0 0 0 0 0 0 81444 0 0 0 0 4450 0 0 324 54
0 0 0 43832 0 0 0 0 0 0 0 0 0 0 40 0 0 0 0 0 264 0 0 0 54 0 0 0 0 0 5308 0 216 0 3447 8578 0 0 0 0
40 0 0 0 0 40 40 40 39214 0 0 0 0 0 0 0 0 40 0 0 0 0 0 194 0 0 0 0 54 0 54 0 0 0 8070 0 0 0 54 0
0 0 0 0 0 0 10410 39330 0 0 0 0 0 40 0 0 0 29334 40 0 0 0 0 978 0 108 0 1656 0 0 790 0 0 0 19842 0 0 0 0 0
5630 0 0 0 40 0 18020 0 0 40 40 0 0 0 0 0 0 0 0 0 0 0 0 0 54 0 0 0 0 0 54 0 0 0 8779 0 0 0 0 0
0 4406 7184 0 0 0 0 0 0 0 0 15426 40 0 0 0 0 0 0 0 0 0 0 0 0 0 0 1413 0 0 0 0 0 54 943 0 0 0 0 0
0 0 0 4488 4288 0 0 0 0 0 0 13200 0 40 40614 40 0 0 0 0 66 66 0 0 0 0 0 14889 0 0 0 0 0 0 3249 0 0 0 0 0
0 0 29716 0 0 4488 0 0 0 0 33242 0 0 0 0 40 40 0 50826 0 0 0 66 0 0 0 0 54 0 0 0 0 0 0 6873 0 0 0 0 0
0 0 0 0 0 0 4568 4208 0 0 0 0 0 45910 0 0 0 40 0 0 0 198 0 0 216 0 0 0 0 0 0 756 108 0 5867 0 162 0 0 54
0 0 0 0 0 0 0 0 4488 3544 0 0 0 0 0 0 40 0 40 40 0 0 0 66 54 0 0 0 0 108 108 432 162 0 0 324 0 0 0 3619
0 0 0 0 0 0 0 0 0 3868 4528 4528 0 0 0 0 0 0 0 0 0 0 0 66 162 0 0 0 0 162 0 0 378 0 1611 0 162 0 0 2214
0 0 0 0 0 0 0 0 0 18222 0 0 6620 0 0 0 0 0 0 0 0 0 0 0 486 0 0 0 0 0 0 0 0 0 1097 0 0 1349 0 7915
0 0 0 0 0 0 0 0 0 10600 0 0 0 4448 8328 0 0 0 0 0 0 132 0 0 324 0 54 3001 0 0 0 0 54 0 3357 0 0 1616 0 0
0 0 0 0 0 0 0 0 0 2600 0 0 0 0 0 4528 5532 40 0 0 0 132 0 0 0 0 0 49831 0 0 0 0 0 0 0 0 0 1240 0 0
40 0 0 0 0 0 0 0 0 0 0 0 0 0 0 0 0 8680 0 0 66 0 0 0 0 0 0 27238 0 0 0 0 0 0 0 0 0 4879 0 0
44296 40 0 0 0 0 0 0 0 0 0 0 0 0 0 0 0 0 8068 8228 66 0 0 0 54 0 0 1057 0 0 0 0 0 0 0 0 0 0 0 0
0 0 0 40 40 0 0 0 0 0 0 0 15414 0 40 45918 0 0 0 0 0 0 3358 0 0 0 0 19053 0 0 0 0 0 0 0 0 1242 5007 0 54
0 0 40 0 0 40 0 0 0 0 0 0 12200 0 0 0 0 0 40 0 0 0 10407 0 0 0 0 11335 54 0 0 54 0 0 0 0 4417 270 0 0
0 0 0 0 0 35986 40 40 0 0 0 0 0 40 0 0 0 0 0 11610 0 0 0 0 0 0 0 960 0 0 0 0 0 0 0 54 0 0 0 0
0 0 0 0 0 7240 0 0 40 0 0 0 0 0 0 0 40 0 0 18972 0 0 0 0 54 0 0 54 270 0 0 0 0 0 108 0 108 0 0 216
4446 37284 0 0 0 0 0 0 0 0 40 40 0 0 0 0 0 0 0 0 0 0 0 0 168 114 114 114 114 168 114 114 0 0 0 0 0 0 0 216
0 4406 4408 0 0 0 0 0 0 0 0 0 0 0 0 0 0 0 0 0 0 0 0 54 54 0 0 0 0 0 0 0 114 114 114 114 114 114 114 114
0 0 0 4408 53282 0 0 0 0 0 0 0 0 40 40 0 0 0 0 0 0 0 0 38743 108 54 0 0 108 0 0 54 54 0 0 0 54 4744 0 54
0 0 0 0 0 4488 4528 0 0 40 0 0 0 0 0 40 40 40 0 0 0 66 0 30016 432 162 0 0 0 0 0 54 0 0 0 0 0 3935 0 0
0 0 0 0 0 0 0 4328 0 0 0 0 0 0 0 0 36782 40 0 0 0 0 66 0 0 0 0 0 0 0 0 540 0 0 0 0 162 18244 0 0
0 0 0 0 0 0 0 0 4528 4208 0 0 0 0 0 0 8680 0 40 0 0 0 0 0 0 0 0 2827 54 0 0 0 0 54 0 0 0 10327 0 54
0 0 0 0 0 0 0 0 0 0 4528 4488 0 0 40 40 0 0 0 0 0 0 0 0 0 0 54 10434 540 216 0 54 0 378 0 0 54 852 0 54
0 0 0 29516 0 0 0 0 46130 0 0 0 4328 4528 0 0 0 0 40 0 132 0 0 0 3229 0 54 1322 162 270 0 0 6370 162 0 0 54 0 0 0
0 0 0 0 0 0 0 0 0 0 0 0 0 0 4608 0 0 0 0 0 0 0 0 0 7154 0 0 0 54 54 0 0 23993 0 0 0 0 0 0 0
0 0 0 0 0 0 29466 0 0 0 0 0 0 0 0 8096 5876 41214 0 40 372 0 0 17214 5425 0 54 5466 1220 0 0 0 0 0 216 0 4493 432 0 0
40 0 0 0 0 0 0 0 0 0 0 0 0 0 0 0 0 4248 4528 0 858 0 0 0 0 54 0 5366 4317 0 0 0 694 0 0 54 6451 162 0 108
0 40 40 0 0 0 0 0 0 0 0 38006 0 0 0 0 0 0 0 4288 0 0 0 66 0 0 0 0 0 0 0 0 0 0 0 0 3892 0 162 0
0 0 0 0 40 0 0 35846 0 0 0 0 0 40 40 0 0 0 28362 0 0 0 0 0 2490 54 54 0 0 0 0 8916 486 0 0 0 0 0 162 0
0 0 0 0 0 40 0 7000 0 0 0 0 0 0 31142 0 0 0 0 0 140 0 0 0 10920 0 0 7232 0 0 0 1350 0 0 0 0 0 0 0 1247
0 0 0 0 0 0 0 0 0 0 0 0 0 42298 0 0 0 0 0 0 140 0 0 0 0 54 0 14619 0 0 0 0 0 0 0 0 0 0 0 4663
0 0 33004 0 0 0 0 0 0 40 35942 0 0 0 0 0 40 0 0 0 0 0 0 0 0 0 54 0 2290 0 0 0 0 0 0 0 0 0 0 1313
4366 4326 0 0 0 0 0 0 0 0 0 0 0 0 0 40 0 0 0 0 396 0 140 0 0 54 0 0 3078 0 0 0 0 0 0 0 0 0 0 8070
0 0 4168 4408 0 0 0 0 40 0 0 0 40 40 0 0 0 0 0 0 0 0 0 0 0 162 216 54 7246 0 0 0 0 0 0 0 0 0 0 108
0 0 0 0 4488 0 0 0 0 0 0 0 0 0 40 0 0 0 0 0 0 0 0 0 810 108 0 54 0 0 0 0 0 0 0 0 0 0 0 1238
0 0 0 0 0 6492 4528 0 0 0 0 0 0 0 0 40 40 40 0 0 132 0 0 0 270 108 54 108 0 54 0 0 594 0 0 0 0 54 0 6215
0 0 0 0 0 0 0 4248 4608 43514 0 0 0 0 0 0 0 40 40 0 492 132 132 132 0 0 0 0 0 0 162 0 0 0 0 0 0 54 0 0
32196 0 0 0 0 0 0 0 0 4408 0 40 0 0 0 0 0 0 0 40 0 0 0 0 0 0 0 0 0 378 162 0 54 54 0 0 0 0 0 2218
0 0 0 0 0 0 0 0 0 0 4488 4448 0 0 0 40334 0 0 40 0 186 0 0 0 0 0 0 0 0 0 0 0 0 0 0 0 0 0 0 5189
0 0 0 0 0 0 0 0 0 0 0 0 37210 8648 40 0 0 0 0 0 198 0 0 0 0 0 0 1903 0 0 54 0 0 0 0 0 0 0 0 0
0 0 0 0 0 27490 0 0 0 0 0 0 0 40 4528 0 0 0 0 0 0 0 0 0 0 0 0 7666 0 0 216 0 0 0 0 0 0 54 0 4914
0 0 0 0 0 0 0 0 0 0 0 0 0 0 0 7060 4896 0 0 0 15571 0 0 0 0 0 0 0 0 0 756 0 0 0 0 54 0 0 0 12663
0 32152 0 0 0 0 0 0 0 0 0 0 0 0 0 0 0 4328 7560 33546 1832 0 0 0 54 0 0 0 0 0 216 0 54 0 0 432 0 0 0 8751
0 0 40 40 44450 0 0 0 0 0 0 0 0 0 0 0 0 0 0 4448 0 0 0 0 0 0 0 0 0 0 54 0 0 0 0 0 0 0 54 0
0 0 0 0 0 0 0 0 0 0 0 0 0 0 0 0 0 0 0 0 74 0 0 0 0 0 0 7223 0 0 54 0 0 0 108 0 1436 0 0 694
0 0 0 0 0 0 40 0 0 0 0 0 0 0 0 0 41970 0 0 0 0 0 0 0 0 0 0 10490 108 3704 54 0 54 0 162 0 108 54 0 0
0 0 0 0 0 0 0 40 40 0 0 0 0 0 0 0 0 40 0 0 108 0 0 0 0 0 0 0 0 0 0 5422 0 54 0 0 0 1336 0 216
40 0 0 0 0 0 0 0 0 40 0 0 0 0 0 0 0 0 0 0 66 0 0 0 0 0 0 0 0 0 0 12093 0 0 2446 0 0 162 0 0
4686 4566 0 0 0 0 0 0 0 0 40 40 0 0 0 40 0 0 40 0 0 66 66 0 0 0 0 0 0 0 0 2116 0 0 432 0 1130 0 0 0
0 0 5572 55100 0 0 0 0 46982 0 0 0 80 40 40 0 0 0 0 0 0 198 0 0 162 0 0 0 0 0 0 54 0 0 216 0 108 0 0 54
0 0 0 0 4368 40 0 0 0 0 0 0 0 40 40 0 0 0 0 0 0 0 0 0 0 108 0 0 0 1985 0 0 0 0 2315 0 0 0 0 0
0 0 0 0 0 4368 8472 0 0 0 0 0 0 0 0 40 40 48866 0 0 0 0 0 66 4612 0 0 0 0 3189 0 0 0 0 108 0 0 0 0 0
0 0 0 0 0 0 28810 4568 4288 0 0 0 0 0 0 0 0 40 41718 0 66 0 0 0 5016 0 0 0 0 4118 0 0 0 0 54 0 0 0 0 0
0 0 0 0 0 0 0 0 0 4368 5160 0 0 0 0 0 0 0 0 40 0 0 0 0 162 0 54 0 0 2925 3126 0 0 0 108 0 1345 0 0 0
0 0 0 0 0 0 0 0 0 0 0 33866 4488 0 0 0 0 0 0 0 0 264 0 0 3454 216 0 378 0 18948 2133 0 0 0 0 0 324 0 54 54
0 0 0 0 0 0 0 40798 0 0 0 0 0 4528 40218 0 40 0 0 0 0 0 0 0 15095 0 0 108 0 2012 0 0 108 0 0 54 0 0 0 0
0 0 0 0 0 0 0 0 0 0 0 0 0 30914 8320 4448 0 0 0 0 0 0 0 0 2635 0 0 0 0 0 0 0 0 0 0 0 0 0 54 162
0 0 0 0 0 0 0 0 0 0 0 0 0 0 0 0 4248 4568 0 0 0 0 0 0 764 0 0 1750 0 0 0 0 0 0 0 0 0 3414 0 0
40 40 0 0 0 0 0 0 0 0 0 0 0 0 0 0 0 0 7856 0 0 0 396 0 0 0 0 7913 0 0 0 54 0 0 0 0 0 8529 0 0
0 0 40 40 0 0 0 0 0 0 0 0 40 0 0 0 0 0 0 5260 0 0 0 0 0 0 0 12843 0 0 0 0 0 0 0 0 0 6006 0 0
0 0 0 0 40 0 0 0 0 0 0 0 0 0 0 0 0 0 0 0 0 0 0 0 54 0 0 0 0 1221 0 2177 0 0 0 0 0 1171 0 0
0 0 0 0 0 40 0 0 0 0 0 0 0 0 0 40 0 40 0 0 0 0 0 0 54 0 0 0 0 3931 0 7859 0 0 0 0 0 0 0 3411
41724 0 35932 0 0 0 40 0 40 0 0 0 0 0 0 0 0 0 40 0 0 0 0 0 0 0 0 0 0 0 0 20740 0 0 0 0 0 0 0 5271
3646 33004 0 0 0 0 0 0 0 34718 31582 0 0 0 0 0 0 0 0 0 0 0 0 0 54 0 0 0 108 0 0 865 0 0 0 0 0 54 0 10082
0 4486 0 0 0 0 0 0 0 0 0 40 39798 0 0 41974 0 0 0 0 0 66 0 66 216 108 0 0 0 0 0 678 0 0 0 0 0 54 1438 0
0 0 5268 4488 0 0 0 40 0 0 0 0 0 40 40 0 40 0 0 0 0 0 0 0 54 0 0 0 0 108 108 108 0 0 0 54 54 0 0 678
0 0 0 0 4368 7792 0 0 0 0 0 0 0 40 40 40 0 0 0 0 54 0 66 0 0 0 0 0 3340 0 0 8351 0 54 54 0 0 54 0 0
0 0 0 0 0 0 4528 4168 0 0 0 0 0 0 0 0 40 40 0 28450 0 0 0 0 0 162 54 0 324 0 12116 7272 0 378 0 0 54 0 0 0
0 0 0 0 0 29538 0 0 6168 0 0 0 0 0 0 0 0 0 40 0 66 0 0 0 0 0 54 0 108 0 37943 0 54 162 0 0 0 0 0 0
0 0 0 0 48858 0 0 0 0 4488 4448 0 0 0 0 0 0 0 0 0 0 0 0 0 0 0 0 0 54 54 21709 0 540 0 0 0 0 0 0 0
0 0 0 0 0 0 0 0 0 0 0 4368 4328 0 0 0 0 0 0 0 0 0 0 462 162 3033 0 0 0 3362 0 0 0 0 216 0 54 0 2674 0
0 0 0 0 0 0 0 0 27886 0 0 0 0 5596 0 0 0 40 0 0 0 0 0 5016 0 10218 0 0 0 4027 54 0 54 0 0 54 108 0 24497 3268
0 0 0 0 0 0 0 0 0 0 0 0 0 0 4448 8388 0 0 40 0 0 0 0 2576 0 54 0 3284 0 3772 0 0 0 0 0 0 162 0 17159 6815
40 0 0 0 0 0 0 0 0 0 0 0 0 0 0 0 44930 4368 0 0 0 0 0 107 0 0 0 6588 0 0 0 5758 0 0 0 5939 0 0 162 108
0 40 0 0 0 0 0 0 0 0 0 0 40 0 0 40 0 0 4408 4448 0 0 0 0 162 0 0 0 0 0 0 108 0 0 0 8930 0 0 0 0
0 0 40 41584 0 0 0 0 0 0 0 0 0 0 0 0 0 0 0 0 1128 0 0 0 54 0 0 0 0 0 54 216 0 0 54 0 0 108 0 0
0 0 0 0 0 0 0 0 0 0 0 0 0 40 40 0 0 0 0 0 0 0 0 0 54 1221 54 0 0 0 0 0 0 0 0 2205 0 0 0 162
0 0 0 0 0 0 41986 40 0 0 0 0 0 0 0 0 0 35078 12534 0 0 0 0 0 0 378 0 0 54 0 0 0 0 0 0 8126 0 0 0 54
0 0 0 0 0 40 6360 0 0 0 0 0 0 0 0 0 0 0 16560 0 0 0 0 0 162 0 216 0 270 0 0 0 0 0 0 23557 0 0 0 54
4366 0 0 0 40 0 0 0 0 40 40 0 0 0 0 0 0 0 0 0 0 0 0 0 0 0 0 108 0 0 0 0 0 0 0 2040 0 0 0 0
0 4526 4248 0 0 0 0 0 0 0 0 41058 40 0 0 0 0 0 0 0 0 0 0 0 0 0 0 0 0 0 0 54 0 0 0 0 0 0 0 0
0 0 0 4408 0 0 0 44230 40 0 0 0 0 40 29034 0 0 0 0 0 66 132 132 264 0 2150 0 0 0 0 162 0 0 0 0 6296 0 0 0 0
0 0 0 0 6080 4368 0 0 0 0 0 0 0 36254 40 40 0 0 0 0 66 0 0 0 0 10277 6315 0 0 0 54 0 0 54 0 12379 0 0 0 0
0 0 0 0 0 0 4408 4568 0 0 0 0 0 0 0 0 80 40 0 0 0 0 0 1067 0 23046 1800 0 0 0 0 0 0 0 0 0 0 0 0 0
0 0 0 0 0 0 0 0 4408 5212 0 0 40 0 0 40 0 0 40 40 66 0 0 14916 594 2929 0 0 0 0 54 0 0 0 0 0 0 0 0 0
0 0 0 0 0 0 0 0 0 0 4608 0 0 0 0 0 0 0 0 0 0 0 0 0 0 0 162 0 0 108 216 54 0 0 0 216 108 0 0 0
0 0 0 0 0 0 0 0 0 0 0 4648 4488 0 0 0 0 0 0 0 330 0 0 0 0 0 0 108 0 0 378 0 0 0 0 0 0 0 0 0
0 0 0 0 0 0 0 0 0 0 0 0 0 6732 8128 0 0 40 0 0 132 0 0 0 0 0 1185 0 0 0 54 0 54 0 0 54 0 0 0 2848
19240 0 0 0 0 0 0 0 0 0 0 0 0 0 40 4448 0 0 40 0 0 0 0 0 0 0 7430 0 0 0 0 0 0 0 0 0 54 0 54 0
15520 41920 0 0 0 0 0 0 0 0 0 0 0 0 0 0 7292 8492 0 0 0 0 0 0 0 0 1232 0 0 0 0 0 0 0 108 0 0 0 0 1350
0 0 40 0 0 0 0 0 0 0 0 0 40 0 0 0 0 0 4528 6604 0 140 0 0 0 0 4793 54 0 0 54 0 0 0 162 0 0 0 0 3252
0 0 0 40 0 0 0 0 0 0 0 0 35898 0 40 0 0 0 0 0 0 0 0 0 0 0 0 0 0 0 0 0 0 54 0 3946 0 0 0 0
0 0 0 0 40 40 0 0 0 0 0 0 7360 40 0 40 0 0 0 0 66 0 0 0 0 0 0 0 0 0 0 216 0 0 54 21012 0 0 0 5515
0 0 0 0 0 0 40 40 0 0 0 0 0 0 0 0 40 0 0 27410 0 66 66 140 0 0 378 0 0 0 0 0 0 0 162 8280 0 0 0 1249
0 0 0 0 0 0 0 0 40 40 37326 0 0 0 0 29494 0 0 0 0 0 198 0 0 162 0 0 0 0 0 0 0 0 0 162 0 54 0 0 4197
4406 0 38756 0 44286 0 0 0 0 27930 0 0 0 0 0 0 0 0 0 0 0 0 0 0 54 0 162 108 0 0 0 0 0 0 54 910 54 0 0 0
0 4406 4448 0 0 0 0 0 0 0 0 40 40 0 0 0 0 0 0 0 0 0 0 66 0 0 0 0 0 0 0 0 0 0 54 0 0 0 0 2375
0 0 0 4368 4488 43254 0 0 43946 0 0 0 0 40 0 0 0 40 0 0 0 0 0 0 432 0 0 0 54 0 0 0 0 0 54 0 0 0 0 3044
0 0 0 0 0 4448 0 0 0 0 0 0 0 0 40 40 51486 0 40 0 0 0 0 0 0 0 108 0 3877 0 0 0 0 162 108 0 0 0 0 8782
0 0 0 0 0 0 4368 6128 0 0 0 0 0 0 0 0 40 40 0 0 66 264 0 0 0 0 0 378 8103 108 108 0 0 3103 0 0 54 0 0 0
0 0 0 0 0 0 0 0 6016 4488 0 0 0 0 0 0 0 0 40 0 0 0 0 0 324 0 0 108 182 0 0 0 0 42360 0 0 0 0 0 678
0 0 0 0 0 0 0 0 0 0 4448 0 0 0 40 0 0 0 0 0 0 0 0 0 216 0 0 0 0 0 0 0 0 1318 0 0 0 0 0 0
0 0 0 45724 0 0 0 0 0 0 0 4608 7108 4568 0 0 0 0 0 0 0 0 0 0 0 0 0 0 0 0 0 0 0 0 0 0 0 54 0 0
0 0 0 0 0 0 0 0 0 0 0 0 0 0 4368 0 0 43686 0 40 11595 0 396 0 54 0 0 108 0 0 0 54 0 0 0 0 0 324 0 0
0 0 0 0 0 0 0 0 0 0 0 0 0 0 0 8416 6292 0 31058 0 6076 0 0 0 54 0 0 324 0 0 0 2607 0 0 0 0 0 216 54 0
40 0 0 0 0 0 0 0 0 0 0 39814 0 0 0 0 0 6712 6000 0 0 0 0 0 0 0 324 0 108 0 0 0 0 54 432 108 0 54 0 4478
0 40 40 0 0 0 0 0 0 0 0 0 0 0 0 0 0 0 0 4368 66 0 0 0 0 0 0 0 0 324 0 54 0 0 0 0 0 0 54 7748
0 0 0 0 40 0 0 0 0 0 0 0 0 40 0 0 0 0 0 0 0 0 0 0 0 0 0 0 0 0 0 162 0 0 0 0 0 0 2925 0
0 0 0 0 0 40 0 27166 0 0 0 0 0 0 40 0 40 0 0 0 0 0 0 0 0 0 5021 0 108 0 0 162 0 0 0 0 0 54 20078 0
0 0 0 0 0 0 46774 0 0 0 0 0 0 19170 0 0 0 0 0 0 0 66 0 66 54 54 3383 0 0 0 0 0 0 0 0 0 108 54 14769 0
0 0 0 0 0 0 0 0 40 40 0 0 0 8240 0 0 0 0 0 0 0 0 0 0 0 0 0 0 0 0 0 54 0 0 0 0 0 0 1041 0
38910 0 0 0 0 0 0 0 0 0 40 0 0 0 26934 0 0 0 0 0 0 0 66 0 0 0 8977 0 108 0 0 216 0 0 1298 0 0 54 54 0
0 4647 5708 40 0 0 0 0 0 0 0 0 80 40 0 0 0 0 0 0 0 0 9394 0 0 0 20627 0 0 0 54 432 0 0 6729 0 0 54 0 0
0 0 0 5304 5780 0 0 0 0 0 0 0 0 0 40 0 0 40 0 0 66 0 7925 0 0 0 0 0 0 0 216 0 54 108 4158 0 54 0 0 0
0 38596 0 0 0 4448 4368 0 0 0 0 0 0 0 0 80 40 0 40 0 0 0 0 0 0 0 0 0 54 54 378 0 432 0 14925 0 0 0 0 0
0 0 0 0 0 0 0 5328 4408 0 0 40 0 0 0 0 0 40 40 0 0 0 0 66 162 0 0 0 108 54 0 0 108 0 108 0 54 54 0 0
0 0 0 0 0 0 0 0 0 4408 0 0 0 0 0 0 0 0 0 40 0 0 0 66 0 0 0 0 0 0 0 0 54 0 726 9216 108 0 216 0
0 0 0 0 0 0 0 0 0 0 5296 4408 0 0 0 0 0 0 0 0 0 0 0 0 0 0 0 0 0 216 54 0 0 0 0 0 162 0 162 0
0 0 0 0 0 0 0 0 0 0 0 0 4488 7708 0 0 40 0 0 24378 0 0 0 66 0 0 0 270 0 0 54 378 0 0 0 0 0 0 0 0
0 0 0 0 0 0 0 0 0 0 0 0 0 80 4648 0 0 0 0 12320 0 0 0 0 108 0 0 0 0 0 0 54 0 0 0 54 0 0 0 0
0 0 0 0 0 0 0 0 0 0 0 0 0 40 0 4488 4408 0 0 0 0 0 0 0 0 0 0 0 54 0 0 0 0 0 0 0 0 0 0 0
80 0 0 0 28110 0 0 0 43198 0 0 0 0 0 40 0 0 4568 4488 0 0 0 0 0 0 0 0 0 0 0 0 0 0 0 0 0 0 0 0 54
0 0 38208 0 0 45374 0 0 0 0 0 0 40 0 0 31234 0 0 0 4608 0 0 0 0 0 0 0 0 0 0 0 0 0 0 0 0 0 0 9245 54
0 0 0 40 0 0 0 0 0 44190 0 0 0 0 0 0 42374 0 0 0 0 0 0 0 0 0 0 0 162 0 0 0 0 0 0 54 0 0 28523 54
0 40 0 0 0 0 40 0 0 0 0 0 23578 0 0 0 0 0 0 0 0 66 0 0 0 0 0 0 0 5372 0 0 0 2391 0 54 0 0 991 0
0 0 0 0 0 0 0 40 0 0 0 0 6720 0 0 0 0 40 40 0 0 0 0 0 0 0 216 0 54 6319 108 0 0 3591 108 0 0 0 0 0
0 0 0 0 0 0 0 0 0 0 0 0 0 0 0 0 0 0 27098 0 66 66 0 0 0 54 0 0 0 0 2214 0 0 19828 0 54 0 0 216 108
3566 4528 0 0 0 0 0 0 0 0 27170 40 0 0 0 0 0 0 0 0 66 132 132 132 0 0 0 0 0 0 10597 0 0 11047 0 54 0 0 0 0
0 0 4448 4288 0 0 0 0 0 0 0 0 40 0 0 0 0 47918 0 0 0 0 0 0 0 594 0 0 0 0 108 0 0 0 0 0 0 0 0 0
0 0 0 28368 4408 0 0 0 0 0 0 0 0 40 40 0 0 0 0 0 0 0 0 462 0 216 0 0 54 0 2425 0 0 54 0 0 0 0 0 0
0 0 0 0 0 4408 4608 0 0 0 0 37498 0 40 0 40 40 0 0 0 0 0 0 0 0 0 0 270 0 0 14992 0 0 0 4487 0 3278 0 0 0
40 0 0 0 0 0 0 4488 4448 0 0 12512 0 0 40 0 0 40 40 0 0 0 0 0 0 0 0 0 0 0 6586 0 0 0 15547 0 2212 0 0 0
0 0 0 0 0 0 0 0 0 4568 4688 0 0 0 0 40 0 0 0 40 0 0 0 0 0 0 0 0 0 0 54 0 54 0 9247 0 1233 0 0 54
0 0 0 0 0 0 0 0 0 0 0 4368 0 0 0 0 40 0 0 0 0 0 0 0 0 0 0 0 0 0 774 0 0 0 4466 0 3991 0 0 0
0 0 0 0 0 0 0 0 0 0 0 0 8020 4408 0 0 0 0 0 0 0 0 0 0 0 0 0 0 0 0 0 0 0 0 11701 3342 0 0 0 0
0 0 0 0 0 0 0 0 0 0 0 0 40 0 4448 4528 0 0 0 0 0 0 0 0 2304 0 0 324 54 108 0 0 0 54 0 7133 2422 0 0 108
18024 0 0 0 0 0 0 0 0 0 0 0 0 30382 0 0 8264 0 40 0 0 0 0 0 0 0 0 0 0 0 0 0 0 54 0 2296 11528 0 108 0
15800 40 0 0 0 0 0 0 0 0 0 0 0 0 0 0 0 5300 6152 0 66 0 0 0 0 0 0 0 0 0 0 216 0 0 0 0 8382 0 0 0
0 0 40 0 0 0 46174 0 0 0 0 0 0 0 0 0 0 40 0 4608 0 66 66 0 0 0 0 0 0 0 0 0 0 0 1226 108 0 0 0 0
0 0 0 40 40 0 0 0 0 0 0 0 0 0 40 0 0 0 0 0 0 132 0 0 162 0 0 0 0 0 0 0 0 0 54 0 0 0 0 0
0 0 0 0 0 40 0 40506 0 0 0 0 0 0 0 0 0 0 0 0 0 66 0 0 0 1265 0 0 0 0 0 0 0 0 0 54 0 0 0 0
107 0 0 0 0 0 0 0 40 0 0 0 0 0 0 0 0 0 0 0 0 0 0 66 0 2385 0 0 0 0 0 0 0 0 0 0 0 0 0 0
4486 0 0 0 0 0 0 0 0 40 40 0 0 0 0 40 0 0 0 0 0 0 0 0 432 1249 0 0 0 0 0 0 0 4925 0 0 0 0 0 0
0 4528 0 0 0 0 0 0 0 0 0 40 0 0 0 0 40 0 0 0 0 0 0 0 0 16624 0 0 0 0 0 0 0 0 108 0 0 0 0 108
0 0 4568 4408 0 0 0 0 0 0 0 0 40 40 48706 0 0 0 0 35786 0 264 0 0 108 31518 0 108 162 54 0 0 54 0 0 0 0 0 0 0
0 47600 0 0 6844 6468 0 0 0 0 0 0 40 0 40 40 0 0 0 0 0 0 0 0 216 1721 0 108 54 0 108 0 162 324 108 0 6125 0 0 54
0 0 0 0 0 0 4568 0 0 0 0 0 0 40 0 0 40 0 40 0 0 0 0 0 324 0 0 0 0 0 0 0 0 0 0 0 5625 0 0 0
0 0 0 0 27054 0 0 4408 48406 0 0 0 0 0 0 46090 0 40 40 0 0 0 0 0 0 0 0 0 0 0 0 0 0 0 0 0 2924 54 0 0
0 0 43976 0 0 31254 0 0 0 38182 4528 0 0 0 0 0 0 40 0 0 264 0 0 0 54 0 0 108 0 0 0 270 0 0 0 0 0 324 0 0
0 0 0 0 0 0 0 0 0 0 0 4328 0 0 0 0 41642 0 0 0 198 0 0 0 0 3551 0 324 0 0 0 108 0 0 0 0 0 162 4062 0
0 0 0 0 0 0 0 0 0 0 0 0 43086 8148 0 0 0 0 0 0 140 0 0 0 0 23194 0 1172 0 0 0 0 0 0 0 0 0 54 17672 0
0 0 0 0 0 0 0 0 0 0 0 0 0 0 4408 5452 0 0 34122 0 0 0 0 0 0 6183 0 2196 0 270 0 54 0 0 0 0 0 0 17779 324
40 0 0 0 0 0 0 0 0 0 0 0 0 0 0 0 7012 4568 0 0 0 0 0 0 0 7428 0 25967 0 0 0 162 0 0 0 0 54 0 0 0
0 0 0 0 0 0 0 0 0 0 0 0 0 0 0 0 0 27374 5668 4608 0 0 140 0 0 5491 108 2112 0 0 0 162 11914 0 0 0 0 54 724 54
0 0 0 38101 0 0 0 0 0 0 0 0 0 0 40 0 0 0 0 0 0 0 0 66 0 0 0 0 108 0 0 0 18334 0 0 0 0 54 2318 0
0 40 0 8520 0 0 0 0 0 0 0 0 0 0 0 0 0 0 0 0 0 0 0 0 0 324 0 1669 108 8491 0 270 54 0 0 0 486 0 0 0
0 0 0 0 0 0 40 0 0 0 0 37294 0 40 0 0 0 0 0 0 0 0 0 0 0 0 108 0 108 51313 1437 108 678 162 0 0 0 54 0 162
0 0 0 0 40 0 0 40 40 0 0 0 0 0 0 40 0 0 0 0 0 0 0 0 0 0 432 0 0 12361 1492 540 0 0 0 0 0 0 0 0
5686 0 40 0 0 40 0 0 0 40 40 0 0 0 0 0 0 0 0 0 66 0 462 0 162 0 0 0 0 0 1833 0 0 0 0 0 54 0 0 0
0 4368 0 0 0 0 0 0 0 0 39734 0 0 0 0 0 40 0 0 0 0 0 0 0 0 0 0 0 54 0 0 0 0 0 0 0 0 0 0 0
0 0 4248 4288 0 0 0 0 0 0 0 0 80 40 0 0 0 0 0 0 0 0 0 66 0 0 0 0 0 54 2351 0 0 0 0 0 0 0 0 0
0 0 0 0 4528 4448 0 0 0 0 0 0 0 0 40 40 0 0 40 0 0 0 0 66 0 0 0 0 0 0 6672 0 0 0 54 2308 0 0 162 0
27984 0 0 0 0 0 7868 6068 0 0 0 0 0 41610 0 0 40 40 0 0 0 0 0 0 0 0 0 0 0 0 1304 54 7622 0 0 594 0 0 108 0
0 0 0 0 0 0 0 0 3728 3728 0 0 0 0 0 0 0 40 40 40 645 0 0 66 0 0 0 2200 0 0 0 162 0 0 0 0 0 0 0 2200
0 0 0 0 0 0 0 0 0 0 4488 0 0 0 40 0 0 0 0 0 67636 0 0 0 270 0 0 0 0 7540 486 54 0 0 0 0 54 0 0 594
0 0 0 0 0 0 0 0 0 0 0 4528 4488 0 0 0 0 0 0 0 0 0 0 0 0 108 0 0 0 26414 0 54 108 0 0 0 162 0 0 1350
0 0 0 0 0 0 0 0 0 0 0 0 0 9336 4568 0 0 0 0 0 0 0 0 0 0 0 0 0 0 1109 0 0 0 0 0 1350 0 0 216 2588
0 0 0 0 0 0 31462 0 0 0 0 0 0 0 0 4488 0 0 0 0 0 0 0 0 0 0 0 0 0 0 0 0 0 0 0 2874 0 0 0 54
0 0 0 0 0 0 0 0 0 0 0 0 0 0 0 0 6788 4832 0 0 0 0 0 0 0 0 0 0 54 0 0 0 0 0 0 3931 0 0 54 1240
0 40 0 0 0 0 0 0 0 0 0 0 0 0 0 0 0 0 4408 40458 0 0 0 0 0 0 0 0 0 0 0 0 0 0 0 6283 0 0 54 4285
0 0 40 40 0 0 0 0 0 0 0 0 40 0 0 0 0 0 0 0 0 0 0 0 0 0 0 0 0 0 0 0 0 0 0 0 0 0 0 0
0 0 0 0 40 40 0 27610 0 0 0 0 0 0 40 40 0 0 0 0 0 0 0 0 0 0 0 0 0 0 0 0 0 162 0 54 0 0 0 0
