731323 723903 367259 760696 467852 295001 549192 337378 200729 315158
2443817 538427 423402 2426991 618841 440025 822880 526560 2788789 2302847
305570 636288 602921 263410 522478 153930 477862 646816 347224 376087
511350 151226 865265 664123 525717 601623 690938 671052 676550 401544
661439 41983 268991 423637 874572 590189 696300 480713 463683 639157
518043 328291 570719 79729 237460 407085 63392 255975 763268 510800
699043 628430 728645 223805 870398 676384 462241 377763 945128 473617
620238 694355 244473 774336 648435 337449 499086 610785 1023258 824996
351013 525941 502867 192532 473665 841772 599859 685695 787671 372416
936763 494963 563382 354534 778483 472473 362234 603222 384154 774482
718207 464575 528437 440168 537054 743618 424834 650778 694346 703153
548839 274129 339247 317114 677675 213681 768207 577982 724834 337431
714033 636984 668165 422752 410772 392578 392777 370072 351467 757122
636348 929549 573030 524774 485046 346165 253474 310047 472637 770406
379785 370638 264336 667715 682257 523892 145571 219890 88368 875204
509570 567432 558971 460578 170279 824539 506501 706327 312310 343964
107913 343619 658098 638250 378417 204009 126249 559566 830942 709545
403493 662608 760502 543437 706600 763127 418653 532090 663587 386625
502617 243434 709379 787271 157275 559733 586065 501540 597336 687876
572380 286370 521093 626963 416934 409226 339769 508859 43652 582070
548069 276180 527173 456618 274601 144486 600383 699054 207822 241438
811405 740200 455384 974587 369344 967216 727411 835887 678122 206920
196579 476781 361213 336391 535319 468233 397166 947304 480061 940706
657764 596554 490845 734077 366869 845450 681198 394359 842337 791947
348443 494343 778106 105981 545686 562428 451419 769729 290601 594614
2512790 389123 405737 2638594 519837 449885 475708 3067 2409052 2569791
254669 250824 393048 797898 685178 523038 266241 507910 703560 274255
858695 479208 288414 401289 668221 589968 651907 510277 372214 473985
747997 562287 597108 683887 919562 559563 272947 318361 435722 727902
571357 670165 449132 597003 498274 569739 260157 474886 377913 315274
244609 631671 629207 828740 626733 321753 592146 449713 253823 682748
779305 260918 617427 201144 479650 87602 486182 724203 633903 499756
512193 478066 536048 466097 790295 642823 360027 736539 599023 566699
335141 612136 532768 425663 403016 259649 589889 444806 513179 645559
468270 657414 656790 605206 39441 468774 786041 41372 337857 827926
307286 593271 573365 733381 511724 662491 310069 472529 340536 373714
350101 454518 139058 556104 514330 491664 418634 481135 137076 536056
725982 343128 769910 47189 615478 705234 351600 545356 241981 251788
439639 402716 873372 499594 726745 445434 472789 547257 582869 724605
917746 391505 821721 919724 815817 538525 556024 377909 582613 717881
429349 596905 412847 584800 221513 566812 420976 542421 1098404 193224
510690 367902 351203 621504 598480 503940 429995 196192 643629 712342
412926 591829 860852 749772 315254 174612 521502 388411 677388 208341
669507 232098 933184 642908 748533 494546 566315 325813 337726 531284
566550 869972 377677 197584 536413 233396 280892 651603 407471 396880
534591 674182 408946 677120 580412 167947 817571 339395 683775 286921
184986 790689 269350 431324 402680 486311 484545 488803 513349 117750
316566 630688 475601 568362 445502 265973 424822 595892 555958 370338
275338 301378 732426 547231 301861 41912 556795 461606 389523 246061
254435 462737 437284 368044 582345 504982 617765 684332 497591 244773
709374 268066 224251 1002166 368215 933951 849400 205637 674658 1016125
1858638 188512 71055 2672527 514327 820884 298150 150568 1729925 2234965
281144 546151 397233 573266 584887 505721 765504 740989 481884 547984
571039 444470 415933 431252 579900 239878 367167 633368 405233 451718
699681 369100 586202 262019 414053 438173 416123 343012 448210 398784
1255879 381800 303067 517139 696602 377502 603392 379432 687463 631737
798366 668809 471622 475539 790421 465082 274046 549046 515271 584621
80475 475627 872455 600225 459764 606423 873248 576985 521364 567840
334188 584077 349918 214287 472685 248634 411141 832370 676876 739795
97456 486091 385016 469185 171672 386581 151589 133177 297820 54988
636846 430289 709387 291972 538988 501325 567262 456901 438624 403003
533268 654381 602431 596365 418334 532343 824557 501790 438593 589774
813427 485328 140470 390112 683491 607421 700515 556983 721341 401988
539020 386150 495511 87824 458322 315339 420498 492337 662017 694230
505965 268847 678913 381142 316273 432959 243600 636528 234687 698737
659017 134247 232214 145680 493387 605532 540020 639429 339146 440453
652809 355806 414238 276944 520823 832595 390421 496970 563887 247685
436940 266708 918630 486078 630925 225790 224869 269949 265199 963632
406852 387937 519870 204112 784087 393265 532553 599391 560955 483790
317473 401142 685555 717967 479744 694744 123691 342191 294554 403020
482782 825917 563486 499895 529992 596809 679060 751951 419093 339967
854627 409671 413408 611992 824543 563637 484188 48321 692221 551760
580709 687827 589203 894946 605294 238766 345440 258224 492098 754451
364332 490186 424320 215346 641099 166138 494880 594906 586834 586108
525527 313028 767885 302593 498728 451410 309310 730640 247304 531936
487087 496739 466657 228342 402269 152 554881 164277 383738 624677
692154 780482 265243 865329 151965 530373 491970 399066 498823 604467
2781990 707890 893798 2002319 873362 765571 474037 457410 2679923 2646825
647892 974912 776870 595167 877061 1043879 744197 753604 873897 721080
443245 487705 727940 327177 939413 658241 775020 366662 655087 250788
718802 712707 283762 222980 342415 350777 675510 677566 269097 544793
212032 601507 602305 624525 696324 613429 712634 761011 374806 420805
581781 634913 689389 607478 186986 498997 675592 17870 279926 661610
181898 374655 479747 673322 292913 287104 307260 194826 689262 407783
611453 506576 535301 500579 467845 89708 293371 628439 401448 267712
290089 102914 535964 653186 510604 787907 514701 560521 366973 545359
505069 483480 462813 380567 374501 589687 204856 544921 555671 55265
541585 208541 827128 689155 496032 848057 734563 1061247 321985 775218
468257 287776 433063 666362 499126 184612 712563 281759 283772 381536
432232 390998 512405 276070 634496 312170 339803 229442 822543 435923
589839 273093 835151 485722 642127 421910 47657 724345 356058 519642
1025676 633229 821798 60184 537890 673999 707323 582460 503388 368294
447729 524704 674560 506863 464579 420299 759180 422367 13775 350877
445248 728694 473985 209554 379519 513825 607316 411934 456112 311388
506995 817631 785687 528125 546400 42445 551069 789343 526107 377463
505926 692764 545058 298109 451768 225186 378550 580662 24465 445489
409139 465529 740980 616044 282234 683792 700485 590182 6489 484673
649809 122770 314601 571275 566029 631527 810807 1028154 322036 402823
763834 547653 572405 492826 397861 671080 872357 637529 238359 641672
252735 936703 344133 444059 764564 801674 529931 151201 831583 244262
438449 356557 336341 486177 526550 501952 389511 688606 975528 463382
7824 189157 737511 432104 383369 530450 693445 550468 547604 394338
889814 594397 159100 800837 872527 379255 607277 461422 1015575 595763
557622 468804 197259 185752 525929 892322 476310 620403 724218 749282
328361 407862 736106 535875 538171 385016 301611 464093 531749 1062471
2426120 546969 643646 2454193 491953 508502 699443 140642 2637237 2677053
620691 403217 850612 370037 738927 597042 543062 703220 639205 159627
744483 88470 909732 435832 571554 259269 115041 639114 275714 694182
529605 1090116 427347 648339 276788 285709 709810 583215 319114 708569
713470 368346 1216021 330044 572656 557249 762507 348753 365292 615369
658628 593153 386264 443290 445474 358112 575925 860722 245010 315208
830073 781238 1056814 276716 676563 464348 711730 577152 560035 382464
802529 508751 398265 597847 110303 1074990 372913 603160 391624 660228
831116 332978 596928 367256 678131 650506 612049 383902 547502 409411
556942 431056 283307 631893 468601 923843 707326 534307 483113 900223
627403 196667 667948 393288 550741 514371 399631 829149 371626 441790
308447 554020 637985 148974 322328 313244 448881 430107 736148 348388
321787 334406 520445 478519 599033 501501 230592 536000 446127 651974
1041603 902440 91908 650135 461618 464191 381510 874941 696503 535300
1022436 698928 790686 428379 720016 573253 776614 850524 329326 491147
717708 49991 475587 868060 451876 676732 454313 248745 89036 509347
577054 472182 548455 255919 464479 748951 524156 615304 586135 384138
803536 352606 419088 787281 704398 222084 586105 552124 338737 574644
267380 1167657 774559 342052 644475 899095 552126 502571 246330 528413
837555 994144 788232 457018 1444325 1314854 1202912 1113936 787690 345996
423602 632339 513303 686882 525274 673137 294700 748605 673201 675484
648633 505204 635803 530988 286822 834671 434343 476200 785658 511286
425236 325760 611318 448599 460634 398128 677106 455455 512184 542324
815529 804974 347379 391464 109376 186556 697912 715001 427938 639332
373582 277557 301378 473537 569462 444980 888670 342415 702146 282523
806811 211464 482736 537559 741863 719799 168593 204799 521501 643073
2610428 356778 876477 2188740 301969 509734 164047 431731 2689883 2540902
621261 591347 110829 204840 296278 425290 673526 681714 555030 363035
439317 378471 370465 302012 772514 771631 502995 504127 651089 631174
962971 403714 421228 596233 753728 649349 360276 622931 1204038 979781
1059620 633414 388129 450557 727089 410277 486530 470021 544857 711917
522092 952488 423636 603211 580321 337572 777053 494882 379485 318004
291771 760941 562902 328527 319633 372160 486624 480889 635061 103094
140020 569650 517486 606770 634787 310575 435606 705596 91634 619713
35183 439254 110353 543717 487598 364679 315765 798590 190565 600054
691523 415230 593942 677982 498702 763688 529453 566024 893513 160498
683385 467495 567503 652846 434031 742618 542951 460581 510079 620783
265216 474595 588381 363090 675142 383522 424985 282689 563599 465514
758907 485580 824083 462349 296936 710940 545855 686025 387207 886757
742492 159677 612378 220507 510999 364091 702423 445229 343992 515967
500631 493166 558400 730003 365537 325552 453492 849123 322182 710589
241192 641704 372661 334623 605368 519168 522439 425971 624994 820250
234230 472391 324525 405563 742107 688083 170660 753774 285962 578690
281360 474607 360566 310503 360191 364074 736493 1033335 398112 746025
400487 607507 132202 484984 618527 482463 411612 413298 570026 347527
708675 359293 119965 1042529 324121 527779 95829 515243 575076 797294
553045 443189 571991 496600 633334 818239 408028 584349 767290 407901
312122 215996 564955 670736 362743 520282 340504 456301 502816 615323
641976 533996 543436 511845 40303 337293 560322 736553 405763 244119
730425 821281 867312 427104 723662 150540 214303 651377 526138 501847
545661 682477 962053 265587 463212 675813 667962 520091 826488 507568
397880 823270 466726 418351 665981 359342 35528 337121 137244 763142
571692 617017 639264 717868 682751 441070 421440 184503 754834 620269
680338 439979 120456 532427 772348 256735 709618 508063 550341 499310
2709015 220071 527768 2316261 1018 847116 636763 706579 2516219 2452158
81572 986716 605807 402953 526352 600361 81884 750905 455639 588805
628628 306751 609471 247797 560198 544171 452935 506247 287720 703768
515062 288558 516935 386328 525667 458995 535037 249154 289495 545707
331749 500767 496258 609605 718486 517940 586015 426134 444761 675416
535722 919639 833648 362017 842866 723133 741966 478470 396391 476714
566903 492816 486075 568764 88315 837769 52294 528413 235159 425820
795293 559884 91694 406894 216680 512835 162318 497708 379873 738991
767275 426719 431440 330372 624628 790843 530990 724743 830073 413185
457431 385495 557323 330259 561655 291069 539066 440901 575717 256281
455734 510066 419507 745252 257016 472011 352826 27136 90540 336888
576338 346218 745328 506294 597068 451948 739959 227213 608562 590874
741870 809421 315958 1103385 701846 381557 954565 362078 560497 468704
702526 823177 782154 354009 503463 645545 572377 433316 767031 422687
209943 955325 347127 593161 847404 620439 329835 418412 640702 422916
260054 385350 415405 483897 431591 532629 495631 494751 684514 550608
413708 334992 558828 622918 794488 384599 850621 700034 557537 306902
233432 626985 715444 576566 278544 260426 216522 769781 774428 835410
488641 616488 816247 378074 344545 742753 239859 691556 595419 276321
387766 422908 597394 424703 350573 266311 538278 316071 469889 605102
591111 477759 470177 148773 581407 886671 476655 78383 572728 835072
699602 614429 663413 147766 561634 168015 148857 183836 317351 482840
968228 313155 545543 706895 904003 566494 747491 402749 840814 1019185
292791 515339 233793 217160 258053 458456 629248 496505 211967 609055
434462 241332 188764 429563 620035 874822 555405 925454 778625 307012
691593 367966 558081 645810 464399 400384 401891 469428 610284 573203
404031 645357 385417 650008 569097 322747 522892 841132 565488 434383
837791 395425 431822 734183 405799 461907 353769 97046 462225 506859
155644 741255 264186 662140 455412 385167 599060 92357 446659 201702
398463 392590 911418 596782 507861 823965 461237 498494 642820 528089
721352 840656 354431 354051 438415 579393 364760 418598 341350 645752
615403 256305 333419 17918 429486 349417 216236 350050 687733 235311
2288663 386502 589593 2579724 625304 545645 454850 489678 2462192 2680359
337989 496014 154343 701311 384705 324077 537612 599486 101684 622617
409094 89271 661421 400889 749042 165943 543365 556250 805269 293387
229189 644636 9637 886841 571072 341297 343137 475251 895849 157444
379422 347525 477113 453804 847133 225303 298026 641452 314960 204739
458248 697664 953461 170445 778301 796796 999882 1060620 89479 660138
746378 775920 544706 881993 534126 735666 497144 851663 740408 255462
496295 773252 788829 514031 235027 556390 935165 625405 786546 626149
471066 694711 185379 465670 926772 834781 276463 392821 605808 568388
267505 712749 324833 504891 249514 317151 450421 275093 473227 301479
568448 472936 801639 565303 552920 566858 392262 601713 549909 323891
541535 552697 577900 994681 531320 186012 296169 540664 149481 266426
684984 428247 640964 472246 653851 302042 523928 600993 699375 849806
327518 740227 711152 623881 31214 583666 567288 600099 608085 334797
545477 510375 443352 230475 557050 774780 814781 122689 326879 170419
457895 310107 678755 370761 527344 396234 525459 275707 489767 466638
35571 483441 483401 558298 420244 209870 658378 240487 528992 358720
334854 356766 530216 210467 495320 601960 467656 543867 367209 269249
617337 389092 443265 696000 462146 630697 715521 491670 554047 368151
475784 1181629 284270 564058 609111 361203 662776 650887 375005 464950
671506 634340 735722 562721 822143 271641 507526 803687 486043 631174
774431 654749 400778 98230 292212 439268 607233 202893 698676 655011
812429 78817 460011 827041 736343 704631 174960 285572 982451 996063
598791 465290 455459 566194 762585 524357 272541 623717 366926 761008
650656 714166 487976 428550 605129 374064 474982 848867 546791 149009
376422 495886 467697 767295 501485 526499 364168 894105 669597 763545
520699 787670 502881 567738 834402 618696 661388 774525 764053 336933
317095 299319 687571 484891 475773 499538 170121 428643 517306 351684
438702 355239 1022041 557738 413922 381899 155405 679941 270581 243391
285346 145673 442973 723068 308173 345328 280371 335152 322856 575543
452120 108840 604199 885563 371377 511392 250343 698816 634116 343740
2451705 140865 202215 2645953 396031 750563 294971 702737 2475237 2253944
527177 262904 450847 652450 643706 808174 647037 420053 285340 830536
860541 308524 217837 435662 539030 446613 522494 568826 636128 700643
278928 629939 222082 726261 699686 454151 197709 292935 557761 234008
776091 393657 566587 396169 486047 733325 528135 547842 393946 869734
669965 773272 657203 583174 265679 826401 615291 945031 493453 534822
613157 582217 591434 285582 423627 450358 686696 432645 357602 799393
862519 448151 701903 874088 697452 313683 777973 506429 590769 622473
375886 492614 444332 249048 648616 600731 407915 203645 633675 603328
723663 631878 384055 682201 637766 712332 420963 301869 165409 341488
733136 717287 424049 553477 784229 361834 762382 803361 583924 539578
348526 419332 262847 677267 740126 307868 729691 344083 723236 693432
476267 626343 591751 420165 247652 490299 641668 460001 449092 80910
327238 607000 373084 616406 222292 545907 224378 172403 849538 472270
577292 669823 470696 263201 420587 545202 454442 356309 522539 536381
649177 689579 981027 467309 590983 807292 482110 854657 340374 203227
285274 600419 455457 172992 767762 319931 103921 471521 617418 502724
259054 613647 457653 490057 653882 662083 636500 785885 508052 586619
30609 699956 588551 332141 626699 542850 616665 652392 615203 102888
311950 242766 761750 521464 537265 331178 553515 496849 601254 330863
780570 166747 433672 508312 383587 724514 335030 349004 567663 277743
220130 531855 329793 355035 972996 655427 735037 478717 559267 184550
616910 302861 431602 211076 511059 259469 872786 197367 243413 584530
660389 749790 568586 1128681 440053 535810 133790 731096 471557 577553
992516 703747 517598 481924 656613 473071 533138 670360 655281 530481
448259 406680 423961 362104 719367 301909 371145 375895 598986 393377
194090 264263 913960 496026 428478 528270 370827 547526 581918 727459
276723 206377 365851 370972 372525 150316 764526 946930 697613 658920
799402 683605 480233 712780 630611 101973 719040 425028 460851 519760
489614 609630 444430 839253 273284 786453 413885 393563 89569 533803
413967 480170 99751 615261 202516 472632 667115 569204 451957 568195
419438 354556 228978 293070 443067 509181 227627 507808 317625 669715
516105 89359 614006 605133 596868 603491 388434 671533 667874 810577
2309133 506588 859367 2592474 792755 442846 551156 429742 2580892 2568565
365635 632748 310818 603671 462259 714544 379011 528641 458091 581607
658176 398097 661353 485941 605811 323407 476324 513611 511244 498984
457196 312697 387741 425764 528584 504393 777425 613505 568430 491802
500383 387433 619857 4345 645584 619954 665051 568701 526169 588596
756823 233211 666649 1130837 372078 213823 173124 576777 1021321 844479
1017063 477301 475208 572062 91672 318302 297224 496869 237372 354214
884683 603343 393863 670277 646953 476289 676523 454870 510304 380609
752090 317753 427333 566196 451013 306045 313091 786014 248708 582292
586534 645177 421017 661626 173704 223743 272859 413706 464538 434879
340357 433089 587199 365072 810373 11001 535174 845623 590768 394443
83590 220819 458999 125738 625730 806077 933824 958299 362993 492816
914959 509474 517482 584820 536089 445709 779932 375385 462553 845159
463544 481223 234705 358440 585547 426990 121804 690286 199536 700720
268646 402459 26881 543256 491081 866902 589001 665257 717819 543927
429370 508084 775560 638328 492647 372160 647993 787289 409498 462843
686539 720750 397528 204429 519298 572246 336759 467917 671473 616526
203558 449007 62077 539782 312346 756293 513083 442701 575106 582515
532759 552626 475451 563043 303358 426190 315177 382725 695250 815148
279361 175605 545397 603507 541077 476080 429960 200410 426659 459045
281858 738259 599245 774508 666859 470420 98254 587233 276323 391559
1044705 825670 613886 764861 594625 751738 520447 989938 880550 1121014
613317 826499 162469 437484 459505 469263 589590 587703 464777 343245
597495 493038 357287 100906 707463 459573 914283 677361 368651 367238
534578 587809 624048 513765 33037 638425 295459 769410 672813 679459
369641 390916 456797 572876 411148 511198 575879 440121 638325 504353
986904 523095 328406 745599 398602 405895 1009538 334084 662024 440299
832771 379048 172044 725462 610877 601778 611166 175940 697267 653841
668395 318597 327298 857041 347088 573772 822252 298477 486735 504521
432290 468686 390010 306118 388308 624465 728979 425585 562199 222485
397214 730449 318348 512853 876359 773270 666077 547557 778903 238158
617683 557823 658431 550455 605734 561509 416791 552630 857712 490254
2691235 329664 933999 2747561 259875 669303 580694 218868 2717230 2910633
843638 742168 135566 387906 364456 417259 374353 255298 222546 422654
644491 324204 414288 204515 169365 283036 628653 565256 629365 559907
819187 501819 589072 439273 595191 666794 680300 340535 308596 346265
665331 361143 278711 424057 82963 573114 382008 677981 420148 806374
762132 149898 98460 918713 482036 278053 688061 842097 450127 605504
697106 459764 228066 839796 531192 509939 668608 345481 881662 506607
529733 297224 428971 595288 655864 236102 545964 77889 283659 107546
643630 431543 311599 564544 478186 730173 549159 917515 658259 570086
486681 552020 926920 736884 704507 291929 252079 408806 546985 331949
422391 425158 535844 187557 253229 263236 576985 604278 204810 466564
924890 556915 531256 322930 500038 505712 300178 245256 629779 483328
472215 748582 582160 331350 615622 488233 573686 329666 420444 583557
