564
4582
7561
7536
5993
10369
13222
14657
2993
7413
7522
3072
3044
1599
3147
1578
11821
4469
63987
14719
64082
63965
63994
64037
64020
63965
8561
4319
5776
14807
9024
64177
10465
1717
6068
16314
14812
1604
16114
1578
1520
8980
7640
4690
16279
10118
8930
4653
7561
1742
64130
9069
7609
1732
7619
7638
10543
7634
23691
11972
1645
13254
1675
13377
4695
14923
23715
10552
7635
10532
7532
7613
1800
7644
1717
5953
1646
8993
13385
7559
16319
64137
11989
4604
14817
1709
11963
32443
3244
7616
9057
7638
9091
27530
7522
3093
7477
4458
7369
14676
10455
16594
7588
23672
25141
7644
16380
11981
7546
7548
30922
4644
11910
7613
6165
1769
13456
9012
7592
7595
1670
7545
16341
7576
7586
9061
7544
9017
4629
3124
29437
14800
1655
6081
7591
7639
6132
737
11669
3209
7618
4695
16361
17786
7529
7578
13449
6207
16326
13775
7524
7572
7581
4652
16352
7602
6135
13382
4639
1782
12457
7622
12016
16361
16330
7557
7611
14914
6177
6156
8954
4566
7571
7662
1680
4665
6152
1802
4663
15884
7570
7595
10506
7582
13415
7600
33900
7569
7553
10437
1640
45864
7568
6102
1671
3188
4564
4652
16396
9104
17848
1756
1773
7587
6164
11986
9042
16315
7557
14887
1784
6110
6150
1738
7583
11857
7548
4615
7531
7566
64136
63964
54026
58288
63965
63965
14243
0
0
0
0
0
0
0
0
700
0
0
0
0
0
0
0
0
0
41
0
0
0
0
0
0
0
0
0
41
0
0
0
0
0
0
0
0
0
0
0
0
41
0
0
0
0
0
0
0
0
0
0
0
0
0
0
0
0
0
0
0
0
0
0
0
0
0
41
0
0
0
0
0
